1.442669515094245902e+00
1.242084448824457565e+00
1.141791915689563508e+00
1.134077105448417777e+00
1.288373310271331729e+00
1.053071597916387825e+00
1.045356787675242316e+00
9.296346340580567968e-01
8.216272906820170085e-01
7.984828599585799269e-01
6.557588704973843496e-01
8.254846958025898740e-01
7.136199473059772203e-01
7.251921626676957056e-01
6.634736807385301915e-01
7.329069729088414364e-01
6.827607063413942967e-01
8.100550753202984122e-01
7.521939985117056526e-01
8.023402650791526813e-01
7.483365933911328982e-01
8.717735572494640373e-01
7.676236189939971144e-01
1.053071597916387825e+00
1.438812109973673037e+00
1.207367802739301776e+00
1.211225207859874642e+00
1.191938182257010537e+00
1.207367802739301776e+00
1.419525084370808488e+00
1.735832304257782122e+00
1.539104643108567094e+00
1.326947361477060383e+00
1.473528756058828382e+00
1.284515905150759085e+00
1.404095463888517248e+00
1.623967555761169690e+00
1.454241730455964277e+00
1.454241730455964277e+00
1.465813945817682873e+00
1.465813945817682873e+00
1.434954704853100171e+00
1.762834140101792180e+00
1.492815781661692931e+00
1.431097299732527306e+00
1.438812109973673037e+00
1.415667679250235844e+00
1.438812109973673037e+00
1.546819453349712825e+00
1.346234387079924488e+00
1.419525084370808488e+00
1.257514069306749027e+00
1.280658500030186220e+00
1.315375146115341565e+00
1.326947361477060383e+00
1.203510397618729133e+00
1.276801094909613354e+00
1.269086284668467401e+00
1.222797423221593460e+00
1.269086284668467401e+00
1.450384325335391411e+00
1.407952869009090113e+00
1.191938182257010537e+00
1.550676858470285469e+00
1.350091792200497354e+00
1.392523248526798652e+00
1.531389832867421363e+00
1.593108314796586988e+00
1.388665843406226008e+00
1.666399012087470988e+00
1.623967555761169690e+00
1.789835975945802238e+00
2.337587503067147132e+00
1.886271103960123430e+00
1.770548950342937911e+00
1.793693381066375103e+00
1.662541606966898122e+00
1.994278447336163218e+00
2.009708067818454680e+00
1.608537935278878228e+00
1.523675022626275410e+00
1.500530591902838440e+00
1.315375146115341565e+00
1.508245402143984171e+00
1.662541606966898122e+00
1.473528756058828382e+00
1.222797423221593460e+00
1.288373310271331729e+00
1.164936346413000479e+00
1.469671350938255738e+00
1.427239894611954441e+00
1.176508561774719297e+00
1.037641977434096585e+00
1.060786408157533556e+00
9.257772289374839314e-01
9.759234955049309601e-01
1.026069762072377989e+00
8.524865316465998211e-01
8.100550753202984122e-01
7.946254548380070615e-01
7.676236189939971144e-01
9.219198238169110660e-01
9.219198238169110660e-01
8.177698855614441431e-01
8.409143162848812247e-01
7.791958343557155997e-01
8.216272906820170085e-01
9.682086852637852292e-01
8.524865316465998211e-01
6.596162756179572151e-01
6.210422244122287827e-01
5.824681732065002393e-01
6.287570346533745136e-01
7.599088087528513835e-01
6.981903268236857585e-01
6.287570346533745136e-01
5.323219066390533216e-01
6.056126039299373209e-01
6.326144397739472680e-01
7.136199473059772203e-01
6.634736807385301915e-01
5.438941220007718069e-01
5.863255783270732158e-01
5.477515271213446724e-01
5.477515271213446724e-01
5.786107680859273739e-01
6.750458961002486769e-01
5.554663373624902922e-01
5.940403885682188356e-01
7.097625421854042438e-01
7.097625421854042438e-01
7.753384292351427343e-01
1.207367802739301776e+00
1.080073433760397883e+00
8.794883674906097681e-01
1.099360459363262210e+00
8.872031777317553880e-01
1.222797423221593460e+00
1.141791915689563508e+00
1.207367802739301776e+00
1.280658500030186220e+00
2.808190927777034496e+00
1.546819453349712825e+00
1.458099135576537142e+00
1.419525084370808488e+00
1.195795587377583402e+00
1.149506725930709239e+00
1.110932674724980584e+00
1.118647484966126537e+00
1.087788244001543614e+00
1.056929003036960690e+00
8.949179879729011189e-01
9.489216596609210130e-01
1.095503054242689345e+00
9.527790647814938785e-01
9.296346340580567968e-01
8.833457726111825226e-01
8.602013418877454409e-01
9.836383057460766910e-01
2.869909409706200343e+00
1.473528756058828382e+00
1.238227043703884700e+00
1.161078941292427613e+00
1.037641977434096585e+00
8.833457726111825226e-01
1.095503054242689345e+00
8.872031777317553880e-01
1.114790079845553672e+00
1.473528756058828382e+00
1.423382489491381353e+00
1.245941853945030431e+00
1.326947361477060383e+00
1.427239894611954441e+00
1.446526920214818546e+00
1.797550786186947969e+00
1.805265596428093700e+00
1.650969391605179748e+00
1.535247237987994229e+00
1.620110150640596824e+00
1.589250909676014123e+00
1.974991421733298891e+00
1.685686037690335315e+00
1.728117494016636613e+00
1.959561801251007651e+00
1.712687873534345151e+00
1.728117494016636613e+00
2.140859841917931661e+00
1.971134016612726247e+00
1.793693381066375103e+00
1.782121165704656507e+00
1.762834140101792180e+00
1.770548950342937911e+00
1.762834140101792180e+00
1.731974899137209478e+00
1.550676858470285469e+00
1.600823125037732719e+00
1.461956540697110007e+00
1.523675022626275410e+00
1.843839647633822132e+00
1.581536099434868392e+00
1.458099135576537142e+00
1.569963884073149796e+00
1.647111986484606883e+00
1.380951033165080277e+00
1.785978570825229372e+00
1.701115658172626777e+00
1.608537935278878228e+00
2.349159718428865506e+00
1.812980406669239430e+00
1.809123001548666565e+00
2.028995093421319229e+00
1.859269268116113594e+00
1.770548950342937911e+00
2.198720918726524420e+00
2.048282119024182890e+00
2.175576488003087228e+00
2.862194599465054612e+00
2.171719082882514140e+00
2.183291298244232959e+00
2.580604025663236101e+00
1.917130344924706353e+00
2.391591174755166804e+00
2.503455923251779680e+00
2.009708067818454680e+00
1.677971227449189584e+00
1.874698888598404833e+00
1.770548950342937911e+00
1.758976734981219536e+00
2.333730097946574045e+00
1.643254581364034017e+00
1.558391668711431199e+00
1.473528756058828382e+00
1.400238058767944382e+00
1.720402683775490882e+00
1.504387997023411305e+00
1.369378817803361459e+00
1.180365966895291940e+00
1.265228879547894536e+00
1.022212356951805123e+00
1.095503054242689345e+00
1.176508561774719297e+00
1.029927167192950854e+00
1.099360459363262210e+00
1.095503054242689345e+00
9.450642545403481476e-01
1.002925331348940796e+00
1.049214192795814959e+00
1.087788244001543614e+00
1.041499382554669451e+00
1.053071597916387825e+00
9.913531159872223109e-01
1.022212356951805123e+00
1.026069762072377989e+00
8.409143162848812247e-01
7.791958343557155997e-01
7.984828599585799269e-01
6.673310858591030570e-01
7.599088087528513835e-01
8.409143162848812247e-01
6.441866551356658643e-01
5.708959578447817540e-01
6.943329217031130041e-01
5.901829834476459702e-01
7.367643780294141909e-01
8.563439367671725755e-01
5.516089322419174268e-01
4.551738042275962348e-01
6.287570346533745136e-01
6.943329217031130041e-01
7.097625421854042438e-01
8.254846958025898740e-01
6.711884909796758114e-01
5.824681732065002393e-01
7.714810241145699798e-01
8.061976701997255468e-01
9.142050135757653351e-01
1.265228879547894536e+00
1.134077105448417777e+00
9.682086852637852292e-01
1.280658500030186220e+00
1.014497546710659615e+00
1.130219700327844912e+00
1.272943689789040489e+00
1.226654828342166326e+00
1.280658500030186220e+00
2.634607697351256217e+00
1.546819453349712825e+00
1.531389832867421363e+00
1.350091792200497354e+00
1.153364131051281882e+00
1.041499382554669451e+00
1.053071597916387825e+00
1.130219700327844912e+00
9.412068494197752822e-01
1.191938182257010537e+00
8.987753930934739843e-01
9.450642545403481476e-01
9.296346340580567968e-01
8.447717214054540902e-01
8.949179879729011189e-01
7.830532394762884651e-01
7.830532394762884651e-01
7.714810241145699798e-01
8.447717214054540902e-01
7.560514036322785181e-01
8.640587470083183064e-01
8.794883674906097681e-01
8.949179879729011189e-01
8.254846958025898740e-01
1.006782736469513662e+00
9.334920391786296623e-01
1.026069762072377989e+00
1.407952869009090113e+00
1.288373310271331729e+00
1.311517740994768699e+00
1.400238058767944382e+00
1.280658500030186220e+00
1.400238058767944382e+00
1.824552622030957805e+00
1.704973063293199642e+00
1.396380653647371517e+00
1.562249073832004065e+00
1.392523248526798652e+00
1.496673186782265796e+00
1.994278447336163218e+00
1.782121165704656507e+00
1.535247237987994229e+00
1.886271103960123430e+00
1.712687873534345151e+00
1.693400847931481046e+00
2.048282119024182890e+00
1.677971227449189584e+00
1.577678694314295305e+00
1.724260088896063747e+00
1.550676858470285469e+00
1.616252745520023959e+00
1.600823125037732719e+00
1.496673186782265796e+00
1.400238058767944382e+00
1.542962048229139960e+00
1.427239894611954441e+00
1.604680530158305363e+00
1.851554457874967863e+00
1.461956540697110007e+00
1.654826796725752613e+00
1.531389832867421363e+00
1.535247237987994229e+00
1.527532427746848276e+00
1.620110150640596824e+00
2.167861677761941497e+00
1.893985914201269383e+00
2.669324343436412228e+00
1.990421042215590353e+00
1.762834140101792180e+00
1.836124837392676401e+00
1.832267432272103536e+00
1.735832304257782122e+00
2.144717247038504748e+00
2.079141359988766258e+00
2.210293134088242795e+00
2.804333522656461852e+00
2.619178076868965199e+00
2.322157882584855226e+00
2.765759471450733198e+00
2.256581995535116736e+00
2.549744784698653621e+00
2.356874528670011237e+00
1.940274775648143324e+00
1.770548950342937911e+00
1.986563637095017487e+00
1.728117494016636613e+00
1.785978570825229372e+00
2.345302313308292863e+00
1.600823125037732719e+00
1.608537935278878228e+00
1.785978570825229372e+00
1.558391668711431199e+00
1.662541606966898122e+00
1.531389832867421363e+00
1.392523248526798652e+00
1.261371474427321671e+00
1.242084448824457565e+00
1.226654828342166326e+00
1.311517740994768699e+00
3.055064855493696552e+00
1.963419206371580517e+00
1.901700724442414892e+00
1.581536099434868392e+00
1.542962048229139960e+00
1.523675022626275410e+00
2.221865349449961169e+00
1.434954704853100171e+00
1.303802930753623190e+00
1.450384325335391411e+00
1.083930838880970748e+00
1.388665843406226008e+00
2.515028138613498054e+00
1.508245402143984171e+00
1.230512233462739191e+00
1.180365966895291940e+00
1.272943689789040489e+00
1.149506725930709239e+00
1.701115658172626777e+00
1.261371474427321671e+00
9.913531159872223109e-01
9.142050135757653351e-01
1.002925331348940796e+00
9.296346340580567968e-01
8.756309623700369027e-01
6.789033012208215423e-01
7.444791882705600328e-01
8.717735572494640373e-01
9.720660903843582057e-01
8.524865316465998211e-01
1.029927167192950854e+00
7.676236189939971144e-01
8.061976701997255468e-01
8.910605828523282534e-01
8.563439367671725755e-01
9.373494442992024167e-01
1.346234387079924488e+00
1.184223372015864806e+00
1.199652992498156268e+00
1.284515905150759085e+00
1.006782736469513662e+00
1.284515905150759085e+00
1.431097299732527306e+00
1.492815781661692931e+00
1.701115658172626777e+00
4.297149304318153895e+00
2.202578323847097064e+00
1.720402683775490882e+00
1.639397176243461152e+00
1.373236222923934324e+00
1.265228879547894536e+00
1.276801094909613354e+00
1.334662171718206114e+00
1.149506725930709239e+00
1.145649320810136373e+00
1.149506725930709239e+00
9.489216596609210130e-01
9.913531159872223109e-01
8.833457726111825226e-01
9.026327982140468498e-01
8.987753930934739843e-01
8.254846958025898740e-01
7.714810241145699798e-01
8.177698855614441431e-01
9.296346340580567968e-01
8.023402650791526813e-01
1.014497546710659615e+00
8.910605828523282534e-01
8.794883674906097681e-01
9.836383057460766910e-01
9.759234955049309601e-01
9.952105211077951763e-01
1.542962048229139960e+00
1.407952869009090113e+00
1.207367802739301776e+00
1.419525084370808488e+00
1.407952869009090113e+00
1.396380653647371517e+00
1.859269268116113594e+00
1.623967555761169690e+00
1.600823125037732719e+00
1.836124837392676401e+00
1.604680530158305363e+00
1.677971227449189584e+00
2.017422878059600411e+00
1.944132180768716411e+00
1.820695216910384939e+00
1.947989585889289055e+00
1.670256417208043853e+00
1.936417370527570458e+00
2.075283954868193170e+00
2.082998765109338901e+00
1.778263760584083641e+00
1.909415534683560622e+00
1.855411862995540728e+00
1.839982242513249489e+00
1.816837811789812074e+00
1.720402683775490882e+00
1.677971227449189584e+00
1.905558129562987757e+00
2.044424713903610247e+00
1.758976734981219536e+00
1.974991421733298891e+00
1.573821289193722661e+00
1.797550786186947969e+00
1.650969391605179748e+00
2.017422878059600411e+00
1.782121165704656507e+00
1.994278447336163218e+00
1.890128509080696295e+00
1.978848826853871756e+00
4.524736206431953178e+00
2.869909409706200343e+00
2.542029974457507890e+00
2.657752128074693410e+00
2.364589338911156524e+00
2.137002436797359017e+00
2.734900230486150274e+00
2.900768650670782822e+00
2.376161554272875343e+00
3.571957141650458745e+00
2.534315164216362160e+00
2.376161554272875343e+00
3.961555058828316600e+00
2.904626055791355910e+00
3.116783337422862399e+00
2.974059347961667044e+00
2.445594846443186920e+00
2.082998765109338901e+00
2.198720918726524420e+00
1.812980406669239430e+00
2.067569144627047439e+00
2.418593010599176640e+00
1.654826796725752613e+00
1.758976734981219536e+00
1.728117494016636613e+00
1.677971227449189584e+00
1.751261924740073805e+00
1.890128509080696295e+00
1.681828632569762449e+00
1.508245402143984171e+00
1.427239894611954441e+00
1.338519576838778757e+00
1.288373310271331729e+00
1.542962048229139960e+00
1.296088120512477460e+00
1.292230715391904594e+00
1.195795587377583402e+00
1.276801094909613354e+00
1.261371474427321671e+00
1.353949197321070219e+00
1.033784572313523720e+00
1.014497546710659615e+00
1.076216028639825018e+00
9.643512801432123638e-01
1.010640141590086749e+00
9.643512801432123638e-01
8.100550753202984122e-01
6.866181114619671622e-01
6.480440602562387298e-01
6.866181114619671622e-01
8.100550753202984122e-01
8.409143162848812247e-01
6.827607063413942967e-01
6.596162756179572151e-01
7.830532394762884651e-01
8.409143162848812247e-01
9.064902033346197152e-01
8.293421009231626284e-01
6.403292500150931099e-01
7.560514036322785181e-01
6.441866551356658643e-01
7.213347575471229511e-01
6.621532612934110107e-01
7.783205001168164161e-01
7.860649827050434357e-01
6.311753309405028212e-01
7.976817065873839097e-01
8.906154976461082562e-01
8.673820498814273083e-01
1.184905835998735446e+00
9.796770474107191484e-01
9.486991170578110699e-01
9.680603235283786745e-01
9.486991170578110699e-01
1.258478420586892188e+00
1.231372731528097786e+00
1.293328592233913943e+00
1.250733937998665279e+00
1.665063756468811107e+00
1.285584109645686590e+00
1.258478420586892188e+00
1.297200833528027397e+00
1.208139283763416394e+00
1.049377390704762547e+00
1.076483079763556949e+00
1.022271701645967701e+00
9.835492887048326027e-01
1.080355321057670404e+00
9.448268757636975046e-01
7.860649827050434357e-01
9.177211867049028804e-01
7.667037762344758312e-01
7.512148110580217919e-01
9.138489454107894261e-01
7.202368807051137134e-01
7.938094652932704554e-01
8.247873956461785339e-01
8.480208434108597038e-01
8.015539478814974750e-01
6.582810199992974454e-01
7.667037762344758312e-01
8.596375672932001777e-01
8.906154976461082562e-01
8.596375672932001777e-01
1.002910495175400207e+00
1.308817557410367982e+00
1.293328592233913943e+00
1.351412211645616424e+00
1.215883766351643525e+00
1.289456350939800267e+00
1.289456350939800267e+00
1.850931338586259800e+00
1.688297204233492277e+00
1.506301863410157038e+00
1.579874447998313780e+00
1.521790828586611077e+00
1.486940656939589545e+00
1.982587542586119467e+00
1.564385482821859963e+00
1.401751348469092218e+00
1.680552721645265368e+00
1.486940656939589545e+00
1.657319273880584198e+00
2.060032368468389663e+00
1.703786169409946316e+00
1.514046345998384169e+00
1.541152035057178571e+00
1.494685139527816675e+00
1.839314614703919215e+00
1.738636341056968071e+00
1.641830308704130159e+00
1.576002206704200326e+00
1.486940656939589545e+00
1.428857037527886842e+00
1.502429622116043584e+00
1.746380823645194980e+00
1.494685139527816675e+00
1.475323933057248960e+00
1.517918587292497623e+00
1.514046345998384169e+00
1.459834967880794920e+00
1.742508582351081525e+00
1.932248405762643673e+00
2.125860470468319274e+00
5.134591955994519452e+00
2.939031142232157112e+00
2.412406326232719334e+00
2.606018390938395157e+00
2.195560813762362340e+00
2.149093918233000444e+00
2.443384256585627412e+00
2.439512015291513958e+00
2.567295977997259726e+00
3.148132172114287197e+00
2.555679254114919363e+00
2.586657184467827886e+00
4.549883520583379415e+00
3.101665276584925302e+00
3.097793035290811847e+00
3.020348209408541429e+00
2.455000980467968219e+00
2.102627022703638549e+00
2.071649092350730026e+00
2.044543403291935402e+00
2.098754781409525094e+00
2.489851152114989752e+00
1.916759440586189633e+00
1.622469102233562666e+00
1.618596860939449211e+00
1.424984796233773388e+00
1.804464443056897904e+00
2.017437714233141222e+00
1.386262383292638178e+00
1.208139283763416394e+00
1.212011525057530070e+00
1.138438940469373328e+00
1.095844286234124443e+00
1.177161353410508537e+00
9.796770474107191484e-01
9.215934279990164457e-01
9.912937712930597334e-01
7.473425697639083376e-01
1.119077733998805613e+00
1.068738597175330041e+00
8.441486021167461384e-01
8.209151543520650796e-01
6.853867090580920696e-01
8.247873956461785339e-01
1.030016184234194832e+00
8.054261891756110403e-01
6.466642961169569714e-01
6.427920548228432951e-01
7.512148110580217919e-01
7.628315349403622658e-01
1.033888425528308286e+00
6.001974005875947427e-01
3.097793035290811736e-01
2.749291318820594743e-01
1.974843059997892225e-01
2.942903383526271344e-01
4.182020597642595594e-01
3.097793035290811736e-01
1.858675821174486931e-01
1.781230995292216734e-01
2.439512015291514235e-01
2.710568905879460200e-01
4.375632662348271640e-01
1.239117214116324667e-01
0.000000000000000000e+00
0.000000000000000000e+00
0.000000000000000000e+00
3.872241294113514583e-03
0.000000000000000000e+00
3.872241294113514583e-03
0.000000000000000000e+00
0.000000000000000000e+00
0.000000000000000000e+00
3.872241294113514583e-03
0.000000000000000000e+00
0.000000000000000000e+00
0.000000000000000000e+00
0.000000000000000000e+00
0.000000000000000000e+00
7.744482588227029167e-03
3.872241294113514583e-03
7.744482588227029167e-03
0.000000000000000000e+00
0.000000000000000000e+00
0.000000000000000000e+00
3.872241294113514583e-03
3.872241294113514583e-03
3.872241294113514583e-03
0.000000000000000000e+00
3.872241294113514583e-03
0.000000000000000000e+00
0.000000000000000000e+00
0.000000000000000000e+00
0.000000000000000000e+00
0.000000000000000000e+00
3.872241294113514583e-03
0.000000000000000000e+00
0.000000000000000000e+00
1.161672388234054332e-02
0.000000000000000000e+00
3.872241294113514583e-03
3.872241294113514583e-03
7.744482588227029167e-03
0.000000000000000000e+00
0.000000000000000000e+00
0.000000000000000000e+00
0.000000000000000000e+00
0.000000000000000000e+00
7.744482588227029167e-03
0.000000000000000000e+00
0.000000000000000000e+00
7.744482588227029167e-03
3.872241294113514583e-03
0.000000000000000000e+00
0.000000000000000000e+00
3.872241294113514583e-03
7.744482588227029167e-03
0.000000000000000000e+00
3.872241294113514583e-03
7.744482588227029167e-03
0.000000000000000000e+00
3.872241294113514583e-03
7.744482588227029167e-03
0.000000000000000000e+00
7.744482588227029167e-03
0.000000000000000000e+00
3.872241294113514583e-03
3.872241294113514583e-03
0.000000000000000000e+00
0.000000000000000000e+00
3.872241294113514583e-03
0.000000000000000000e+00
0.000000000000000000e+00
0.000000000000000000e+00
3.872241294113514583e-03
0.000000000000000000e+00
0.000000000000000000e+00
0.000000000000000000e+00
0.000000000000000000e+00
0.000000000000000000e+00
0.000000000000000000e+00
3.872241294113514583e-03
3.872241294113514583e-03
3.872241294113514583e-03
3.872241294113514583e-03
3.872241294113514583e-03
0.000000000000000000e+00
3.872241294113514583e-03
0.000000000000000000e+00
0.000000000000000000e+00
0.000000000000000000e+00
0.000000000000000000e+00
3.872241294113514583e-03
0.000000000000000000e+00
3.872241294113514583e-03
0.000000000000000000e+00
0.000000000000000000e+00
0.000000000000000000e+00
1.548896517645405833e-02
3.872241294113514583e-03
3.872241294113514583e-03
3.872241294113514583e-03
7.744482588227029167e-03
7.744482588227029167e-03
0.000000000000000000e+00
0.000000000000000000e+00
0.000000000000000000e+00
0.000000000000000000e+00
7.744482588227029167e-03
1.161672388234054332e-02
0.000000000000000000e+00
0.000000000000000000e+00
7.744482588227029167e-03
0.000000000000000000e+00
3.872241294113514583e-03
0.000000000000000000e+00
7.744482588227029167e-03
1.161672388234054332e-02
3.872241294113514583e-03
7.744482588227029167e-03
3.872241294113514583e-03
0.000000000000000000e+00
7.744482588227029167e-03
3.872241294113514583e-03
0.000000000000000000e+00
0.000000000000000000e+00
3.872241294113514583e-03
7.744482588227029167e-03
0.000000000000000000e+00
3.872241294113514583e-03
0.000000000000000000e+00
3.872241294113514583e-03
7.744482588227029167e-03
3.872241294113514583e-03
3.872241294113514583e-03
0.000000000000000000e+00
0.000000000000000000e+00
3.872241294113514583e-03
0.000000000000000000e+00
7.744482588227029167e-03
0.000000000000000000e+00
3.872241294113514583e-03
0.000000000000000000e+00
0.000000000000000000e+00
0.000000000000000000e+00
0.000000000000000000e+00
3.872241294113514583e-03
3.872241294113514583e-03
0.000000000000000000e+00
3.872241294113514583e-03
0.000000000000000000e+00
3.872241294113514583e-03
0.000000000000000000e+00
3.872241294113514583e-03
0.000000000000000000e+00
7.744482588227029167e-03
1.161672388234054332e-02
0.000000000000000000e+00
0.000000000000000000e+00
3.872241294113514583e-03
7.744482588227029167e-03
3.872241294113514583e-03
1.936120647056757335e-02
0.000000000000000000e+00
3.872241294113514583e-03
3.872241294113514583e-03
0.000000000000000000e+00
7.744482588227029167e-03
0.000000000000000000e+00
0.000000000000000000e+00
0.000000000000000000e+00
0.000000000000000000e+00
0.000000000000000000e+00
7.744482588227029167e-03
0.000000000000000000e+00
0.000000000000000000e+00
0.000000000000000000e+00
3.872241294113514583e-03
3.872241294113514583e-03
0.000000000000000000e+00
3.872241294113514583e-03
0.000000000000000000e+00
7.744482588227029167e-03
0.000000000000000000e+00
3.872241294113514583e-03
7.744482588227029167e-03
3.872241294113514583e-03
0.000000000000000000e+00
0.000000000000000000e+00
0.000000000000000000e+00
0.000000000000000000e+00
0.000000000000000000e+00
0.000000000000000000e+00
3.872241294113514583e-03
7.744482588227029167e-03
0.000000000000000000e+00
0.000000000000000000e+00
3.872241294113514583e-03
3.872241294113514583e-03
0.000000000000000000e+00
3.872241294113514583e-03
0.000000000000000000e+00
0.000000000000000000e+00
7.744482588227029167e-03
0.000000000000000000e+00
3.872241294113514583e-03
3.872241294113514583e-03
3.872241294113514583e-03
0.000000000000000000e+00
3.872241294113514583e-03
0.000000000000000000e+00
0.000000000000000000e+00
7.744482588227029167e-03
0.000000000000000000e+00
3.872241294113514583e-03
0.000000000000000000e+00
3.872241294113514583e-03
0.000000000000000000e+00
0.000000000000000000e+00
7.744482588227029167e-03
3.872241294113514583e-03
7.744482588227029167e-03
0.000000000000000000e+00
0.000000000000000000e+00
7.744482588227029167e-03
0.000000000000000000e+00
1.161672388234054332e-02
0.000000000000000000e+00
0.000000000000000000e+00
0.000000000000000000e+00
0.000000000000000000e+00
0.000000000000000000e+00
3.872241294113514583e-03
0.000000000000000000e+00
0.000000000000000000e+00
3.872241294113514583e-03
0.000000000000000000e+00
0.000000000000000000e+00
0.000000000000000000e+00
0.000000000000000000e+00
7.744482588227029167e-03
0.000000000000000000e+00
3.872241294113514583e-03
1.548896517645405833e-02
0.000000000000000000e+00
0.000000000000000000e+00
3.872241294113514583e-03
3.872241294113514583e-03
3.872241294113514583e-03
0.000000000000000000e+00
3.872241294113514583e-03
0.000000000000000000e+00
3.872241294113514583e-03
0.000000000000000000e+00
7.744482588227029167e-03
0.000000000000000000e+00
0.000000000000000000e+00
3.872241294113514583e-03
0.000000000000000000e+00
3.872241294113514583e-03
0.000000000000000000e+00
3.872241294113514583e-03
3.872241294113514583e-03
0.000000000000000000e+00
0.000000000000000000e+00
7.744482588227029167e-03
0.000000000000000000e+00
3.872241294113514583e-03
0.000000000000000000e+00
7.744482588227029167e-03
0.000000000000000000e+00
3.872241294113514583e-03
3.872241294113514583e-03
3.872241294113514583e-03
7.744482588227029167e-03
3.872241294113514583e-03
0.000000000000000000e+00
0.000000000000000000e+00
0.000000000000000000e+00
3.872241294113514670e-02
2.323344776468108663e-01
3.020348209408540985e-01
1.974843059997892225e-01
2.594401667056054350e-01
3.678629229407838763e-01
9.293379105872434653e-01
5.924529179993677230e-01
5.421137811758920400e-01
5.924529179993677230e-01
4.685411965877352425e-01
5.498582637641189486e-01
8.557653259990867234e-01
8.673820498814273083e-01
9.525713583519245242e-01
9.951660125871732987e-01
8.751265324696543280e-01
1.026143942940081155e+00
1.773486512703989604e+00
1.250733937998665279e+00
1.339795487763275839e+00
1.161672388234054276e+00
1.188778077292848900e+00
1.417240313645546479e+00
1.481243566299974335e+00
1.296088120512477460e+00
1.184223372015864806e+00
1.704973063293199642e+00
1.373236222923934324e+00
1.311517740994768699e+00
