7.789081036566921634e-01
6.223628475296119067e-01
6.147264935721932222e-01
6.070901396147747597e-01
6.109083165934839910e-01
5.612720158702634299e-01
6.185446705509025644e-01
4.696357683812408257e-01
4.543630604664037342e-01
4.619994144238223077e-01
3.856358748496367395e-01
3.818176978709275082e-01
3.665449899560904168e-01
4.161812906793109779e-01
4.047267597431831176e-01
4.772721223386593437e-01
4.085449367218924599e-01
3.970904057857645997e-01
5.383629539980078205e-01
4.658175914025315389e-01
4.887266532747871484e-01
4.238176446367294958e-01
5.116357151470428688e-01
6.185446705509025644e-01
1.080544084974724761e+00
1.080544084974724761e+00
9.812714835282836390e-01
1.111089500804399055e+00
1.103453146846980371e+00
1.343998296505664936e+00
1.973997497992695305e+00
1.668543339695953032e+00
1.657088808759825449e+00
1.561634384292093447e+00
1.443270897952105836e+00
1.786906826035940643e+00
2.019815621737206079e+00
1.756361410206266571e+00
1.874724896546254183e+00
2.084724630375264010e+00
2.019815621737206079e+00
1.954906613099148593e+00
2.313815249097820548e+00
2.077088276417845325e+00
1.897633958418509792e+00
2.000724736843660256e+00
1.786906826035940643e+00
1.867088542588835498e+00
2.096179161311392036e+00
1.744906879270138544e+00
1.886179427482381765e+00
1.882361250503672423e+00
1.687634224589499521e+00
1.813634064886905595e+00
1.779270472078522181e+00
1.599816154079186203e+00
1.588361623143058399e+00
1.672361516674662374e+00
1.500543552632745081e+00
1.588361623143058399e+00
1.954906613099148593e+00
1.847997657695289231e+00
1.779270472078522181e+00
1.966361144035276620e+00
1.664725162717243911e+00
1.763997764163685034e+00
1.909088489354637375e+00
1.779270472078522181e+00
1.840361303737870546e+00
1.954906613099148593e+00
1.893815781439800450e+00
2.107633692247520063e+00
2.332906133991367259e+00
2.161088169949449522e+00
1.909088489354637375e+00
2.073270099439135983e+00
2.042724683609462133e+00
2.275633479310728013e+00
2.248906240459763062e+00
1.989270205907532230e+00
1.832724949780451862e+00
1.748725056248847887e+00
1.672361516674662374e+00
1.664725162717243911e+00
1.867088542588835498e+00
1.565452561270802567e+00
1.405089128165013079e+00
1.378361889314048128e+00
1.286725641825025690e+00
1.721997817397882935e+00
1.760179587184975691e+00
1.412725482122431764e+00
1.237089341101805129e+00
1.244725695059223813e+00
1.034725961230213542e+00
1.164543978506328958e+00
1.126362208719236202e+00
8.858170590605517480e-01
9.736351295708651765e-01
8.361807583373311870e-01
8.934534130179703215e-01
1.095816792889561908e+00
8.858170590605517480e-01
6.796355022102509302e-01
6.872718561676695037e-01
7.063627410612158819e-01
7.216354489760529178e-01
7.369081568908900648e-01
7.025445640825065396e-01
5.841810777425190393e-01
5.459993079554262829e-01
5.498174849341356252e-01
6.376355554444488316e-01
6.872718561676695037e-01
6.109083165934839910e-01
4.238176446367294958e-01
4.772721223386593437e-01
4.352721755728573561e-01
3.932722288070553129e-01
5.421811309767170517e-01
4.123631137006016911e-01
3.550904590199625566e-01
4.009085827644738864e-01
3.818176978709275082e-01
3.245450431902883182e-01
3.627268129773811300e-01
6.414537324231581739e-01
3.550904590199625566e-01
4.047267597431831176e-01
4.543630604664037342e-01
4.390903525515666428e-01
5.230902460831706735e-01
7.483626878270178695e-01
5.918174316999376128e-01
5.459993079554262829e-01
5.345447770192984782e-01
4.887266532747871484e-01
6.529082633592859786e-01
7.139990950186344554e-01
6.109083165934839910e-01
5.803629007638098081e-01
7.865444576141106259e-01
6.910900331463787349e-01
8.476352892734589917e-01
7.292718029334714913e-01
5.765447237851004658e-01
5.383629539980078205e-01
4.467267065089851608e-01
5.536356619128448564e-01
5.078175381683335265e-01
4.963630072322057218e-01
4.505448834876944475e-01
4.161812906793109779e-01
4.658175914025315389e-01
4.658175914025315389e-01
4.352721755728573561e-01
4.352721755728573561e-01
3.627268129773811300e-01
4.161812906793109779e-01
5.841810777425190393e-01
4.849084762960779171e-01
3.665449899560904168e-01
5.536356619128448564e-01
5.154538921257521000e-01
5.459993079554262829e-01
5.650901928489726611e-01
5.803629007638098081e-01
6.567264403379953208e-01
1.187453040378584568e+00
1.133998562676654664e+00
1.202725748293421493e+00
1.202725748293421493e+00
1.091998615910852566e+00
1.385998243271466812e+00
1.771634118121103496e+00
1.840361303737870546e+00
1.760179587184975691e+00
1.706725109483046010e+00
1.737270525312720082e+00
1.832724949780451862e+00
2.233633532544925693e+00
2.168724523906868207e+00
2.726178362798422405e+00
3.566177298114462602e+00
2.359633372842331767e+00
2.309997072119111206e+00
2.825450964244863528e+00
2.581087637607470064e+00
2.183997231821705132e+00
2.229815355566216351e+00
2.271815302332018671e+00
2.172542700885577549e+00
2.351997018884913526e+00
2.222179001608798110e+00
2.390178788672006061e+00
2.928541742670013992e+00
2.065633745481717742e+00
2.222179001608798110e+00
2.531451336884249503e+00
2.042724683609462133e+00
1.897633958418509792e+00
1.962542967056567278e+00
1.867088542588835498e+00
1.851815834673998351e+00
2.218360824630088768e+00
2.195451762757833158e+00
2.012179267779788283e+00
2.722360185819713063e+00
2.027451975694624764e+00
2.115270046204938303e+00
2.516178628969412134e+00
2.168724523906868207e+00
2.172542700885577549e+00
2.336724310970076157e+00
2.302360718161692965e+00
2.451269620331354204e+00
3.069814290882256991e+00
2.630723938330690626e+00
2.401633319608133643e+00
2.665087531139073818e+00
2.233633532544925693e+00
2.485633213139738285e+00
2.729996539777131748e+00
2.138179108077193913e+00
1.874724896546254183e+00
2.080906453396554667e+00
1.920543020290765401e+00
1.943452082163021011e+00
2.413087850544261670e+00
2.000724736843660256e+00
1.802179533950777790e+00
1.672361516674662374e+00
1.538725322419837838e+00
1.863270365610126156e+00
1.805997710929487132e+00
1.469998136803070787e+00
1.305816526718571957e+00
1.328725588590827567e+00
1.187453040378584568e+00
1.153089447570200932e+00
1.202725748293421493e+00
1.023271430294085738e+00
1.038544138208922663e+00
1.038544138208922663e+00
9.010897669753888950e-01
1.015635076336667053e+00
9.774533065495742967e-01
9.239988288476446154e-01
8.781807051031332856e-01
8.514534662521683339e-01
7.521808648057272118e-01
9.889078374857022125e-01
8.552716432308775651e-01
7.254536259547622601e-01
7.254536259547622601e-01
6.681809712741231255e-01
6.109083165934839910e-01
7.178172719973436866e-01
6.223628475296119067e-01
4.619994144238223077e-01
4.352721755728573561e-01
3.970904057857645997e-01
3.589086359986718433e-01
6.109083165934839910e-01
5.269084230618800158e-01
3.398177511051254651e-01
3.092723352754512822e-01
3.665449899560904168e-01
3.550904590199625566e-01
4.925448302534964906e-01
5.078175381683335265e-01
3.398177511051254651e-01
3.130905122541605135e-01
4.352721755728573561e-01
3.856358748496367395e-01
4.352721755728573561e-01
6.872718561676695037e-01
5.459993079554262829e-01
4.925448302534964906e-01
5.956356086786469550e-01
5.574538388915540876e-01
5.994537856573561863e-01
6.567264403379953208e-01
5.918174316999376128e-01
5.841810777425190393e-01
7.101809180399251131e-01
5.536356619128448564e-01
7.025445640825065396e-01
6.109083165934839910e-01
5.154538921257521000e-01
4.772721223386593437e-01
4.925448302534964906e-01
4.581812374451129655e-01
4.276358216154387826e-01
4.658175914025315389e-01
4.009085827644738864e-01
4.276358216154387826e-01
3.512722820412532698e-01
4.887266532747871484e-01
4.047267597431831176e-01
4.161812906793109779e-01
4.123631137006016911e-01
3.856358748496367395e-01
4.467267065089851608e-01
4.772721223386593437e-01
4.276358216154387826e-01
5.192720691044613313e-01
5.269084230618800158e-01
5.001811842109150641e-01
5.116357151470428688e-01
5.269084230618800158e-01
6.910900331463787349e-01
1.141634916634073127e+00
1.019453253315376395e+00
1.088180438932143446e+00
1.198907571314712373e+00
1.294361995782444374e+00
1.473816313781780130e+00
1.958724790077857936e+00
1.905270312375928032e+00
1.767815941142394376e+00
1.737270525312720082e+00
1.878543073524963303e+00
1.966361144035276620e+00
2.344360664927494842e+00
2.054179214545590160e+00
2.623087584373271941e+00
4.051085774410540630e+00
2.256542594417181302e+00
2.363451549821041109e+00
2.676542062075201844e+00
2.355815195863622424e+00
2.126724577141065886e+00
2.542905867820377530e+00
2.214542647651379426e+00
2.302360718161692965e+00
2.382542434714587820e+00
2.138179108077193913e+00
2.313815249097820548e+00
3.401995688029963993e+00
2.214542647651379426e+00
2.256542594417181302e+00
2.470360505224900916e+00
1.973997497992695305e+00
1.813634064886905595e+00
2.512360451990702792e+00
1.870906719567544840e+00
2.080906453396554667e+00
2.187815408800414474e+00
2.943814450584850917e+00
2.470360505224900916e+00
3.646359014667357457e+00
2.420724204501680354e+00
2.546724044799085984e+00
2.558178575735214011e+00
2.298542541182983623e+00
2.241269886502344377e+00
2.546724044799085984e+00
2.340542487948785499e+00
2.760541955606805598e+00
3.115632414626768654e+00
3.081268821818384573e+00
2.687996593011329871e+00
2.928541742670013992e+00
2.783451017479061651e+00
2.997268928286780820e+00
2.703269300926166352e+00
2.351997018884913526e+00
2.252724417438472404e+00
2.191633585779123816e+00
2.149633639013321940e+00
2.057997391524299502e+00
2.309997072119111206e+00
1.813634064886905595e+00
1.733452348334010962e+00
1.947270259141730353e+00
1.706725109483046010e+00
1.840361303737870546e+00
1.970179321013985962e+00
1.462361782845652325e+00
1.343998296505664936e+00
1.458543605866942983e+00
1.420361836079850226e+00
1.458543605866942983e+00
3.153814184413861188e+00
1.828906772801742742e+00
1.687634224589499521e+00
1.431816367015978031e+00
1.351634650463083176e+00
1.527270791483710033e+00
1.951088436120439695e+00
1.324907411612118224e+00
1.175998509442456763e+00
1.271452933910188765e+00
1.221816633186967982e+00
1.221816633186967982e+00
2.183997231821705132e+00
1.343998296505664936e+00
9.774533065495742967e-01
1.007998722379248591e+00
1.030907784251504200e+00
1.004180545400539470e+00
1.279089287867607005e+00
6.185446705509025644e-01
5.841810777425190393e-01
6.643627942954137833e-01
6.605446173167046631e-01
7.483626878270178695e-01
6.414537324231581739e-01
4.314539985941480693e-01
4.810902993173686859e-01
5.765447237851004658e-01
5.116357151470428688e-01
6.299992014870303692e-01
5.918174316999376128e-01
4.581812374451129655e-01
4.429085295302758740e-01
5.269084230618800158e-01
5.116357151470428688e-01
5.498174849341356252e-01
7.827262806354012836e-01
6.910900331463787349e-01
6.414537324231581739e-01
6.185446705509025644e-01
5.383629539980078205e-01
7.750899266779828212e-01
8.094535194863662353e-01
6.681809712741231255e-01
6.910900331463787349e-01
1.007998722379248591e+00
7.369081568908900648e-01
8.209080504224940400e-01
6.796355022102509302e-01
6.299992014870303692e-01
5.727265468063912346e-01
6.376355554444488316e-01
6.185446705509025644e-01
5.498174849341356252e-01
5.650901928489726611e-01
5.039993611896242953e-01
5.039993611896242953e-01
5.307266000405892470e-01
4.467267065089851608e-01
4.543630604664037342e-01
4.619994144238223077e-01
4.085449367218924599e-01
4.543630604664037342e-01
4.429085295302758740e-01
4.772721223386593437e-01
4.849084762960779171e-01
5.574538388915540876e-01
5.650901928489726611e-01
5.536356619128448564e-01
7.559990417844364430e-01
6.032719626360654175e-01
7.139990950186344554e-01
1.340180119526955593e+00
1.019453253315376395e+00
1.198907571314712373e+00
1.225634810165677102e+00
1.298180172761153273e+00
1.553998030334674985e+00
2.057997391524299502e+00
1.649452454802406765e+00
1.809815887908196252e+00
1.901452135397218912e+00
1.756361410206266571e+00
1.966361144035276620e+00
2.489451390118447627e+00
2.241269886502344377e+00
2.554360398756504669e+00
3.100359706711931285e+00
2.183997231821705132e+00
2.405451496586842985e+00
2.607814876458434572e+00
2.519996805948121477e+00
2.451269620331354204e+00
2.298542541182983623e+00
2.176360877864286891e+00
2.290906187225564938e+00
2.382542434714587820e+00
2.126724577141065886e+00
2.229815355566216351e+00
3.275995847732557920e+00
2.504724098033284108e+00
2.516178628969412134e+00
3.107996060669349969e+00
2.256542594417181302e+00
2.218360824630088768e+00
2.302360718161692965e+00
2.749087424670678015e+00
2.477996859182319600e+00
2.191633585779123816e+00
2.340542487948785499e+00
2.619269407394562599e+00
5.162175275214940129e+00
3.554722767178335019e+00
3.100359706711931285e+00
3.409632041987382678e+00
2.947632627563560259e+00
2.607814876458434572e+00
2.993450751308071478e+00
3.443995634795765870e+00
2.787269194457770993e+00
3.730358908198961654e+00
2.680360239053911187e+00
2.867450911010665404e+00
4.589448728408548561e+00
3.550904590199625677e+00
3.631086306752520532e+00
3.512722820412533142e+00
2.607814876458434572e+00
2.424542381480389697e+00
2.164906346928158865e+00
2.080906453396554667e+00
2.420724204501680354e+00
2.588723991564888749e+00
1.813634064886905595e+00
1.928179374248183642e+00
1.886179427482381765e+00
1.805997710929487132e+00
2.038906506630752791e+00
2.103815515268810721e+00
1.683816047610790401e+00
1.771634118121103496e+00
1.657088808759825449e+00
1.424180013058559569e+00
1.340180119526955593e+00
1.523452614505000691e+00
1.248543872037932934e+00
1.401270951186303959e+00
1.244725695059223813e+00
1.103453146846980371e+00
1.324907411612118224e+00
1.290543818803735032e+00
1.042362315187632005e+00
9.430897137411908826e-01
8.590898202095867964e-01
8.323625813586219557e-01
8.476352892734589917e-01
9.278170058263537356e-01
7.750899266779828212e-01
5.727265468063912346e-01
6.070901396147747597e-01
6.872718561676695037e-01
8.132716964650755775e-01
9.469078907199002249e-01
6.719991482528324678e-01
5.269084230618800158e-01
5.765447237851004658e-01
5.039993611896242953e-01
6.567264403379953208e-01
5.918174316999376128e-01
5.001811842109150641e-01
4.238176446367294958e-01
4.047267597431831176e-01
4.390903525515666428e-01
5.787622034919663871e-01
5.404335807441539297e-01
4.752749220728730295e-01
3.526233292798734986e-01
5.097706825459040747e-01
5.251021316450290577e-01
5.021049579963415832e-01
7.742381795058091987e-01
4.714420597980917282e-01
5.595978921180601029e-01
4.906063711719979570e-01
4.829406466224354655e-01
9.352183950466210760e-01
8.278982513527465281e-01
5.825950657667475774e-01
6.515865867128097788e-01
6.362551376136847958e-01
6.055922394154348298e-01
6.860823471858408240e-01
6.439208621632472873e-01
6.017593771406536396e-01
4.791077843476542197e-01
5.251021316450290577e-01
5.749293412171849749e-01
5.327678561945914382e-01
6.324222753389034946e-01
4.446120238746231190e-01
5.136035448206852649e-01
4.829406466224354655e-01
4.522777484241855550e-01
4.599434729737480465e-01
4.867735088972166557e-01
4.139491256763732641e-01
4.101162634015919628e-01
4.062834011268107726e-01
3.947848143024670353e-01
4.024505388520295268e-01
4.752749220728730295e-01
4.522777484241855550e-01
6.017593771406536396e-01
5.212692693702478675e-01
6.132579639649974323e-01
7.205781076588718692e-01
1.199685892006526089e+00
1.092365748312651652e+00
1.096198610587432842e+00
1.138360095610026379e+00
1.211184478830869660e+00
1.414326179394275407e+00
1.908765412841054498e+00
1.851272478719335979e+00
1.648130778155930454e+00
1.755450921849804891e+00
1.644297915881149263e+00
1.674960814079399229e+00
2.272887328945271346e+00
1.862771065543679549e+00
1.966258346962773018e+00
2.460697580409552110e+00
2.100408526580116231e+00
2.154068598427053338e+00
2.403204646287833590e+00
2.280553053494833726e+00
2.188564358900084716e+00
1.985422658336679191e+00
1.832108167345429584e+00
2.295884502593958931e+00
2.261388742120927997e+00
2.088909939755772438e+00
2.177065772075740480e+00
2.525856239080833010e+00
2.088909939755772438e+00
2.246057293021802792e+00
2.426201819936520732e+00
1.855105340994117169e+00
1.828275305070648393e+00
1.839773891894992186e+00
1.766949508674148683e+00
1.893433963741929293e+00
2.234558706197459443e+00
2.131071424778365753e+00
2.533521963630395391e+00
5.036381029062541259e+00
3.296261556311860907e+00
2.909142466558956031e+00
2.855482394712019367e+00
2.660006418698176223e+00
2.453031855859989729e+00
2.614012071400801496e+00
2.533521963630395391e+00
2.797989460590300403e+00
3.503236119150047401e+00
3.004964023428487341e+00
2.882312430635487477e+00
4.714420597980917726e+00
3.254100071289267149e+00
3.288595831762298527e+00
3.380584526357047981e+00
2.866980981536362716e+00
2.460697580409552110e+00
2.361043161265239831e+00
2.261388742120927997e+00
2.353377436715677451e+00
2.740496526468581884e+00
2.111907113404459579e+00
1.878102514642804532e+00
1.870436790093242152e+00
1.786113820048055079e+00
2.134904287053147165e+00
2.165567185251396687e+00
1.644297915881149263e+00
1.395161868020369011e+00
1.410493317119493994e+00
1.119195784236120206e+00
1.138360095610026379e+00
1.161357269258713965e+00
1.031039951916151942e+00
9.850456046187771042e-01
9.965441914431207859e-01
8.930569100240275393e-01
9.965441914431207859e-01
9.850456046187771042e-01
8.087339399788403549e-01
7.167452453840906790e-01
6.324222753389034946e-01
7.205781076588718692e-01
9.045554968483711100e-01
7.052466585597469972e-01
6.745837603614971423e-01
5.825950657667475774e-01
6.899152094606220142e-01
6.439208621632472873e-01
1.069368574663964067e+00
5.634307543928412931e-01
3.257932933564048894e-01
2.529689101355613867e-01
1.801445269147179673e-01
2.644674969599051240e-01
3.602890538294359346e-01
3.717876406537796719e-01
2.376374610364365147e-01
1.763116646399367493e-01
3.602890538294359346e-01
2.721332215094675600e-01
4.676091975233105380e-01
1.609802155408118218e-01
7.665724549562468078e-03
3.832862274781234039e-03
0.000000000000000000e+00
0.000000000000000000e+00
3.832862274781234039e-03
0.000000000000000000e+00
7.665724549562468078e-03
3.832862274781234039e-03
7.665724549562468078e-03
0.000000000000000000e+00
0.000000000000000000e+00
0.000000000000000000e+00
0.000000000000000000e+00
7.665724549562468078e-03
1.533144909912493616e-02
7.665724549562468078e-03
0.000000000000000000e+00
1.916431137390616976e-02
3.832862274781234039e-03
1.149858682434370255e-02
3.832862274781234039e-03
3.832862274781234039e-03
7.665724549562468078e-03
1.533144909912493616e-02
0.000000000000000000e+00
3.832862274781234039e-03
0.000000000000000000e+00
7.665724549562468078e-03
7.665724549562468078e-03
7.665724549562468078e-03
1.149858682434370255e-02
3.832862274781234039e-03
1.149858682434370255e-02
3.832862274781234039e-03
1.149858682434370255e-02
7.665724549562468078e-03
3.832862274781234039e-03
7.665724549562468078e-03
1.533144909912493616e-02
0.000000000000000000e+00
1.533144909912493616e-02
3.832862274781234039e-03
7.665724549562468078e-03
7.665724549562468078e-03
7.665724549562468078e-03
0.000000000000000000e+00
3.832862274781234039e-03
0.000000000000000000e+00
3.832862274781234039e-03
3.832862274781234039e-03
7.665724549562468078e-03
7.665724549562468078e-03
2.299717364868740510e-02
0.000000000000000000e+00
7.665724549562468078e-03
1.149858682434370255e-02
7.665724549562468078e-03
3.832862274781234039e-03
1.149858682434370255e-02
3.832862274781234039e-03
7.665724549562468078e-03
7.665724549562468078e-03
0.000000000000000000e+00
2.683003592346863697e-02
7.665724549562468078e-03
0.000000000000000000e+00
3.832862274781234039e-03
3.832862274781234039e-03
3.832862274781234039e-03
7.665724549562468078e-03
0.000000000000000000e+00
7.665724549562468078e-03
3.832862274781234039e-03
7.665724549562468078e-03
1.149858682434370255e-02
1.149858682434370255e-02
3.832862274781234039e-03
3.832862274781234039e-03
7.665724549562468078e-03
0.000000000000000000e+00
3.832862274781234039e-03
7.665724549562468078e-03
1.149858682434370255e-02
1.533144909912493616e-02
3.832862274781234039e-03
3.832862274781234039e-03
3.832862274781234039e-03
3.832862274781234039e-03
3.832862274781234039e-03
7.665724549562468078e-03
7.665724549562468078e-03
3.832862274781234039e-03
0.000000000000000000e+00
3.832862274781234039e-03
7.665724549562468078e-03
0.000000000000000000e+00
3.832862274781234039e-03
0.000000000000000000e+00
3.832862274781234039e-03
7.665724549562468078e-03
7.665724549562468078e-03
7.665724549562468078e-03
0.000000000000000000e+00
3.832862274781234039e-03
0.000000000000000000e+00
1.533144909912493616e-02
0.000000000000000000e+00
0.000000000000000000e+00
0.000000000000000000e+00
3.832862274781234039e-03
7.665724549562468078e-03
7.665724549562468078e-03
1.149858682434370255e-02
1.149858682434370255e-02
0.000000000000000000e+00
7.665724549562468078e-03
0.000000000000000000e+00
3.832862274781234039e-03
3.832862274781234039e-03
1.149858682434370255e-02
0.000000000000000000e+00
3.832862274781234039e-03
3.832862274781234039e-03
3.832862274781234039e-03
1.149858682434370255e-02
0.000000000000000000e+00
0.000000000000000000e+00
1.149858682434370255e-02
0.000000000000000000e+00
1.149858682434370255e-02
7.665724549562468078e-03
3.832862274781234039e-03
3.832862274781234039e-03
0.000000000000000000e+00
3.832862274781234039e-03
7.665724549562468078e-03
3.832862274781234039e-03
1.916431137390616976e-02
7.665724549562468078e-03
0.000000000000000000e+00
7.665724549562468078e-03
7.665724549562468078e-03
3.832862274781234039e-03
7.665724549562468078e-03
0.000000000000000000e+00
3.832862274781234039e-03
3.832862274781234039e-03
0.000000000000000000e+00
3.832862274781234039e-03
3.832862274781234039e-03
3.832862274781234039e-03
1.916431137390616976e-02
3.832862274781234039e-03
1.149858682434370255e-02
0.000000000000000000e+00
3.832862274781234039e-03
3.832862274781234039e-03
3.832862274781234039e-03
0.000000000000000000e+00
3.832862274781234039e-03
7.665724549562468078e-03
7.665724549562468078e-03
0.000000000000000000e+00
0.000000000000000000e+00
7.665724549562468078e-03
0.000000000000000000e+00
7.665724549562468078e-03
0.000000000000000000e+00
3.832862274781234039e-03
3.832862274781234039e-03
3.832862274781234039e-03
7.665724549562468078e-03
1.149858682434370255e-02
1.149858682434370255e-02
3.832862274781234039e-03
0.000000000000000000e+00
3.832862274781234039e-03
3.832862274781234039e-03
3.832862274781234039e-03
3.832862274781234039e-03
3.832862274781234039e-03
7.665724549562468078e-03
3.832862274781234039e-03
7.665724549562468078e-03
0.000000000000000000e+00
3.832862274781234039e-03
0.000000000000000000e+00
0.000000000000000000e+00
0.000000000000000000e+00
7.665724549562468078e-03
3.832862274781234039e-03
1.149858682434370255e-02
0.000000000000000000e+00
3.832862274781234039e-03
3.832862274781234039e-03
3.832862274781234039e-03
1.533144909912493616e-02
3.832862274781234039e-03
3.832862274781234039e-03
0.000000000000000000e+00
3.832862274781234039e-03
1.916431137390616976e-02
3.832862274781234039e-03
3.832862274781234039e-03
0.000000000000000000e+00
3.832862274781234039e-03
3.832862274781234039e-03
7.665724549562468078e-03
3.832862274781234039e-03
1.149858682434370255e-02
3.832862274781234039e-03
3.832862274781234039e-03
0.000000000000000000e+00
3.832862274781234039e-03
3.832862274781234039e-03
3.832862274781234039e-03
0.000000000000000000e+00
3.832862274781234039e-03
3.832862274781234039e-03
0.000000000000000000e+00
1.149858682434370255e-02
7.665724549562468078e-03
3.832862274781234039e-03
7.665724549562468078e-03
3.832862274781234039e-03
1.149858682434370255e-02
0.000000000000000000e+00
0.000000000000000000e+00
0.000000000000000000e+00
1.149858682434370255e-02
7.665724549562468078e-03
0.000000000000000000e+00
0.000000000000000000e+00
1.149858682434370255e-02
0.000000000000000000e+00
0.000000000000000000e+00
7.665724549562468078e-03
0.000000000000000000e+00
3.832862274781234039e-03
0.000000000000000000e+00
0.000000000000000000e+00
3.832862274781234039e-03
3.832862274781234039e-03
0.000000000000000000e+00
7.665724549562468078e-03
3.832862274781234039e-03
3.832862274781234039e-03
0.000000000000000000e+00
1.149858682434370255e-02
0.000000000000000000e+00
0.000000000000000000e+00
3.832862274781234039e-03
3.832862274781234039e-03
7.665724549562468078e-03
3.832862274781234039e-03
0.000000000000000000e+00
3.832862274781234039e-03
0.000000000000000000e+00
3.832862274781234039e-03
0.000000000000000000e+00
7.665724549562468078e-03
3.832862274781234039e-03
3.832862274781234039e-03
3.832862274781234039e-03
7.665724549562468078e-03
1.533144909912493616e-02
7.665724549562468078e-03
7.665724549562468078e-03
0.000000000000000000e+00
1.149858682434370255e-02
3.832862274781234039e-03
3.832862274781234039e-03
1.149858682434370255e-02
0.000000000000000000e+00
0.000000000000000000e+00
1.648130778155930398e-01
2.338045987616552690e-01
2.184731496625303138e-01
3.449576047303110071e-01
2.491360478607801965e-01
4.714420597980917282e-01
6.937480717354033155e-01
3.564561915546547444e-01
3.564561915546547444e-01
3.372918801807485711e-01
3.986176765772483366e-01
4.254477125007169458e-01
5.557650298432789127e-01
6.515865867128097788e-01
7.090795208345282985e-01
6.132579639649974323e-01
6.975809340101845057e-01
7.742381795058091987e-01
1.111530059686557825e+00
7.742381795058091987e-01
7.934024908797153719e-01
7.742381795058091987e-01
7.282438322084343607e-01
9.007226345735899198e-01
1.042362315187632005e+00
7.941808115715291994e-01
6.529082633592859786e-01
6.796355022102509302e-01
6.796355022102509302e-01
8.361807583373311870e-01
