1.13E+00
9.13E-01
7.60E-01
9.06E-01
8.66E-01
9.79E-01
7.63E-01
8.29E-01
6.76E-01
7.08E-01
6.79E-01
6.50E-01
6.76E-01
6.39E-01
5.19E-01
5.48E-01
4.75E-01
4.97E-01
5.15E-01
4.57E-01
4.24E-01
5.70E-01
4.13E-01
4.93E-01
5.73E-01
4.82E-01
5.51E-01
5.48E-01
5.62E-01
6.46E-01
1.16E+00
1.20E+00
1.09E+00
1.13E+00
1.21E+00
1.46E+00
1.92E+00
1.74E+00
1.67E+00
1.65E+00
1.47E+00
1.56E+00
2.04E+00
1.67E+00
1.75E+00
1.73E+00
1.64E+00
1.81E+00
2.14E+00
2.01E+00
1.80E+00
1.81E+00
1.60E+00
1.73E+00
1.95E+00
1.75E+00
1.65E+00
1.76E+00
1.49E+00
1.53E+00
1.42E+00
1.45E+00
1.41E+00
1.50E+00
1.39E+00
1.40E+00
1.77E+00
1.68E+00
1.54E+00
2.09E+00
1.79E+00
1.58E+00
1.82E+00
1.97E+00
1.86E+00
2.21E+00
2.11E+00
1.94E+00
2.71E+00
2.30E+00
2.13E+00
2.33E+00
2.16E+00
2.13E+00
2.30E+00
1.98E+00
1.96E+00
1.86E+00
1.77E+00
1.77E+00
2.19E+00
1.77E+00
1.51E+00
1.60E+00
1.36E+00
1.60E+00
1.49E+00
1.31E+00
1.26E+00
1.37E+00
1.26E+00
1.23E+00
1.21E+00
9.75E-01
9.09E-01
8.95E-01
1.03E+00
9.50E-01
9.75E-01
8.11E-01
8.14E-01
8.51E-01
7.60E-01
7.92E-01
6.50E-01
5.55E-01
5.30E-01
5.22E-01
4.46E-01
5.81E-01
5.73E-01
3.91E-01
4.57E-01
4.42E-01
3.76E-01
4.42E-01
3.69E-01
3.40E-01
3.29E-01
3.58E-01
2.67E-01
3.51E-01
4.05E-01
3.76E-01
4.13E-01
4.24E-01
4.09E-01
4.05E-01
7.05E-01
5.95E-01
5.62E-01
6.39E-01
5.37E-01
6.76E-01
7.74E-01
7.30E-01
7.01E-01
8.51E-01
9.13E-01
8.66E-01
8.66E-01
6.54E-01
6.17E-01
5.88E-01
5.48E-01
6.24E-01
5.73E-01
5.22E-01
4.78E-01
5.77E-01
5.73E-01
5.48E-01
4.86E-01
5.08E-01
5.55E-01
7.56E-01
5.92E-01
5.37E-01
6.10E-01
5.99E-01
6.68E-01
6.57E-01
6.32E-01
6.68E-01
1.28E+00
1.33E+00
1.30E+00
1.19E+00
1.36E+00
1.31E+00
1.92E+00
1.91E+00
1.74E+00
1.78E+00
1.57E+00
1.76E+00
1.94E+00
1.92E+00
1.83E+00
2.13E+00
2.09E+00
1.82E+00
2.73E+00
2.21E+00
2.05E+00
1.96E+00
2.09E+00
1.81E+00
1.91E+00
1.81E+00
1.76E+00
1.90E+00
1.81E+00
1.72E+00
2.04E+00
1.67E+00
1.80E+00
1.64E+00
1.77E+00
1.67E+00
2.07E+00
2.01E+00
1.88E+00
2.89E+00
2.29E+00
2.10E+00
2.47E+00
2.36E+00
2.06E+00
2.72E+00
2.52E+00
2.40E+00
3.43E+00
2.88E+00
2.50E+00
3.12E+00
2.59E+00
2.56E+00
2.88E+00
2.52E+00
2.12E+00
2.32E+00
2.06E+00
2.16E+00
2.55E+00
1.98E+00
1.93E+00
1.77E+00
1.65E+00
1.74E+00
1.68E+00
1.65E+00
1.38E+00
1.45E+00
1.21E+00
1.14E+00
1.38E+00
1.18E+00
1.05E+00
1.21E+00
1.01E+00
1.14E+00
1.10E+00
1.10E+00
1.15E+00
1.01E+00
9.46E-01
1.08E+00
9.24E-01
7.38E-01
5.81E-01
6.03E-01
5.66E-01
6.14E-01
5.62E-01
4.46E-01
3.98E-01
4.27E-01
4.35E-01
4.75E-01
4.86E-01
2.99E-01
2.30E-01
2.85E-01
3.25E-01
3.80E-01
4.71E-01
3.87E-01
3.47E-01
4.16E-01
4.35E-01
4.60E-01
7.85E-01
6.32E-01
5.66E-01
6.90E-01
6.32E-01
6.79E-01
8.00E-01
6.98E-01
7.19E-01
9.13E-01
7.23E-01
7.96E-01
7.16E-01
7.74E-01
6.14E-01
5.77E-01
5.70E-01
5.51E-01
6.14E-01
4.57E-01
4.64E-01
4.64E-01
5.08E-01
4.38E-01
4.57E-01
4.67E-01
4.97E-01
4.75E-01
4.20E-01
5.22E-01
5.92E-01
5.73E-01
4.93E-01
5.51E-01
6.50E-01
6.98E-01
1.28E+00
1.10E+00
1.26E+00
1.26E+00
1.16E+00
1.33E+00
1.90E+00
1.88E+00
1.80E+00
1.66E+00
1.60E+00
1.74E+00
1.92E+00
1.80E+00
1.86E+00
2.26E+00
1.95E+00
1.87E+00
2.38E+00
2.15E+00
1.84E+00
2.00E+00
2.04E+00
1.73E+00
1.96E+00
1.82E+00
1.56E+00
1.99E+00
1.76E+00
1.82E+00
1.95E+00
1.74E+00
1.66E+00
1.76E+00
1.71E+00
1.69E+00
1.94E+00
2.38E+00
2.11E+00
3.54E+00
2.71E+00
2.37E+00
2.36E+00
2.22E+00
2.14E+00
2.74E+00
2.59E+00
2.57E+00
3.48E+00
3.25E+00
2.83E+00
3.39E+00
2.80E+00
2.89E+00
2.66E+00
2.56E+00
2.29E+00
2.38E+00
2.34E+00
2.19E+00
2.41E+00
2.04E+00
2.02E+00
2.00E+00
1.79E+00
1.93E+00
1.88E+00
1.63E+00
1.55E+00
1.58E+00
1.55E+00
1.52E+00
3.98E+00
2.31E+00
2.15E+00
1.90E+00
1.57E+00
1.74E+00
2.31E+00
1.55E+00
1.39E+00
1.46E+00
1.35E+00
1.15E+00
2.58E+00
1.60E+00
1.05E+00
1.26E+00
1.14E+00
9.86E-01
1.14E+00
8.47E-01
6.54E-01
7.41E-01
7.52E-01
6.24E-01
6.14E-01
3.76E-01
3.40E-01
4.09E-01
3.87E-01
5.77E-01
5.62E-01
4.38E-01
4.64E-01
5.11E-01
5.11E-01
5.48E-01
8.36E-01
7.71E-01
6.76E-01
6.21E-01
6.28E-01
8.18E-01
8.84E-01
7.96E-01
8.29E-01
1.22E+00
8.66E-01
9.71E-01
8.44E-01
7.67E-01
7.30E-01
7.49E-01
6.61E-01
6.87E-01
5.84E-01
6.24E-01
5.11E-01
6.10E-01
5.77E-01
5.41E-01
5.33E-01
5.59E-01
4.67E-01
4.86E-01
5.04E-01
6.21E-01
6.76E-01
6.54E-01
6.24E-01
6.68E-01
7.08E-01
6.68E-01
1.40E+00
1.24E+00
1.23E+00
1.28E+00
1.27E+00
1.39E+00
2.05E+00
1.83E+00
1.83E+00
1.95E+00
1.71E+00
1.79E+00
2.49E+00
2.14E+00
1.95E+00
2.10E+00
1.96E+00
2.01E+00
2.51E+00
2.29E+00
2.40E+00
2.25E+00
2.11E+00
2.01E+00
2.18E+00
1.98E+00
1.92E+00
2.36E+00
2.11E+00
1.91E+00
2.36E+00
1.90E+00
1.87E+00
1.85E+00
2.51E+00
2.03E+00
2.21E+00
2.10E+00
2.05E+00
5.92E+00
4.00E+00
3.44E+00
3.20E+00
2.91E+00
2.64E+00
3.46E+00
3.89E+00
2.85E+00
4.08E+00
3.09E+00
2.94E+00
4.96E+00
4.06E+00
3.90E+00
3.68E+00
3.03E+00
2.70E+00
2.71E+00
2.41E+00
2.36E+00
3.04E+00
2.31E+00
2.24E+00
2.22E+00
2.02E+00
1.92E+00
2.14E+00
1.83E+00
1.79E+00
1.86E+00
1.47E+00
1.46E+00
1.68E+00
1.40E+00
1.54E+00
1.38E+00
1.44E+00
1.47E+00
1.45E+00
1.28E+00
1.08E+00
1.02E+00
1.10E+00
9.53E-01
9.75E-01
6.72E-01
6.24E-01
5.11E-01
5.44E-01
6.54E-01
8.18E-01
4.93E-01
4.64E-01
5.33E-01
5.08E-01
5.44E-01
5.11E-01
4.24E-01
3.51E-01
3.25E-01
3.80E-01
4.11E-01
4.66E-01
3.04E-01
3.01E-01
4.07E-01
4.58E-01
4.73E-01
8.25E-01
6.78E-01
6.67E-01
5.32E-01
6.16E-01
8.18E-01
8.58E-01
8.36E-01
7.04E-01
7.48E-01
7.81E-01
7.96E-01
7.33E-01
5.94E-01
6.09E-01
5.98E-01
6.67E-01
6.20E-01
6.27E-01
5.24E-01
5.21E-01
5.46E-01
5.17E-01
4.51E-01
4.91E-01
4.91E-01
4.99E-01
5.87E-01
4.58E-01
5.50E-01
5.79E-01
4.99E-01
6.16E-01
5.87E-01
6.16E-01
7.77E-01
1.35E+00
1.25E+00
1.18E+00
1.22E+00
1.25E+00
1.32E+00
1.87E+00
1.82E+00
1.66E+00
1.82E+00
1.57E+00
1.67E+00
2.16E+00
1.97E+00
1.64E+00
1.88E+00
1.87E+00
1.95E+00
2.23E+00
2.16E+00
2.05E+00
1.88E+00
1.76E+00
1.99E+00
2.10E+00
1.86E+00
1.80E+00
1.76E+00
1.72E+00
1.80E+00
1.96E+00
1.64E+00
1.60E+00
1.54E+00
1.82E+00
1.61E+00
1.93E+00
2.10E+00
2.09E+00
5.35E+00
3.61E+00
3.11E+00
2.93E+00
2.81E+00
2.61E+00
2.85E+00
2.84E+00
3.02E+00
4.09E+00
3.17E+00
2.96E+00
5.13E+00
3.61E+00
3.40E+00
3.46E+00
3.12E+00
2.60E+00
2.62E+00
2.43E+00
2.52E+00
2.86E+00
2.27E+00
1.95E+00
1.96E+00
1.94E+00
2.05E+00
2.05E+00
1.69E+00
1.68E+00
1.51E+00
1.43E+00
1.34E+00
1.25E+00
1.16E+00
1.14E+00
1.22E+00
1.18E+00
1.05E+00
1.14E+00
9.24E-01
7.66E-01
8.07E-01
7.77E-01
9.42E-01
7.92E-01
6.09E-01
5.21E-01
5.68E-01
6.16E-01
9.64E-01
5.76E-01
3.15E-01
2.53E-01
2.02E-01
2.49E-01
3.04E-01
2.31E-01
1.43E-01
8.80E-02
1.43E-01
1.76E-01
3.01E-01
1.25E-01
3.55E-03
3.55E-03
3.55E-03
3.55E-03
3.55E-03
3.55E-03
3.55E-03
3.55E-03
3.55E-03
3.55E-03
3.55E-03
3.55E-03
3.55E-03
3.55E-03
3.55E-03
3.55E-03
3.55E-03
3.55E-03
3.55E-03
3.55E-03
3.55E-03
3.55E-03
3.55E-03
3.55E-03
3.55E-03
3.55E-03
3.55E-03
3.55E-03
3.55E-03
3.55E-03
3.55E-03
3.55E-03
3.55E-03
3.55E-03
3.55E-03
3.55E-03
3.55E-03
3.55E-03
3.55E-03
3.55E-03
3.55E-03
3.55E-03
3.55E-03
3.55E-03
3.55E-03
3.55E-03
3.55E-03
3.55E-03
3.55E-03
3.55E-03
3.55E-03
3.55E-03
3.55E-03
3.55E-03
3.55E-03
3.55E-03
3.55E-03
3.55E-03
3.55E-03
3.55E-03
3.55E-03
3.55E-03
3.55E-03
3.55E-03
3.55E-03
3.55E-03
3.55E-03
3.55E-03
3.55E-03
3.55E-03
3.55E-03
3.55E-03
3.55E-03
3.55E-03
3.55E-03
3.55E-03
3.55E-03
3.55E-03
3.55E-03
3.55E-03
3.55E-03
3.55E-03
3.55E-03
3.55E-03
3.55E-03
3.55E-03
3.55E-03
3.55E-03
3.55E-03
3.55E-03
3.55E-03
3.55E-03
3.55E-03
3.55E-03
3.55E-03
3.55E-03
3.55E-03
3.55E-03
3.55E-03
3.55E-03
3.55E-03
3.55E-03
3.55E-03
3.55E-03
3.55E-03
3.55E-03
3.55E-03
3.55E-03
3.55E-03
3.55E-03
3.55E-03
3.55E-03
3.55E-03
3.55E-03
3.55E-03
3.55E-03
3.55E-03
3.55E-03
3.55E-03
3.55E-03
3.55E-03
3.55E-03
3.55E-03
3.55E-03
3.55E-03
3.55E-03
3.55E-03
3.55E-03
3.55E-03
3.55E-03
3.55E-03
3.55E-03
3.55E-03
3.55E-03
3.55E-03
3.55E-03
3.55E-03
3.55E-03
3.55E-03
3.55E-03
3.55E-03
3.55E-03
3.55E-03
3.55E-03
3.55E-03
3.55E-03
3.55E-03
3.55E-03
3.55E-03
3.55E-03
3.55E-03
3.55E-03
3.55E-03
3.55E-03
3.55E-03
3.55E-03
3.55E-03
3.55E-03
3.55E-03
3.55E-03
3.55E-03
3.55E-03
3.55E-03
3.55E-03
3.55E-03
3.55E-03
3.55E-03
3.55E-03
3.55E-03
3.55E-03
3.55E-03
3.55E-03
3.55E-03
3.55E-03
3.55E-03
3.55E-03
3.55E-03
3.55E-03
3.55E-03
3.55E-03
3.55E-03
3.55E-03
3.55E-03
3.55E-03
3.55E-03
3.55E-03
3.55E-03
3.55E-03
3.55E-03
3.55E-03
3.55E-03
3.55E-03
3.55E-03
3.55E-03
3.55E-03
3.55E-03
3.55E-03
3.55E-03
3.55E-03
3.55E-03
3.55E-03
3.55E-03
3.55E-03
3.55E-03
3.55E-03
3.55E-03
3.55E-03
3.55E-03
3.55E-03
3.55E-03
3.55E-03
3.55E-03
3.55E-03
3.55E-03
3.55E-03
3.55E-03
3.55E-03
3.55E-03
3.55E-03
3.55E-03
3.55E-03
3.55E-03
3.55E-03
3.55E-03
3.55E-03
3.55E-03
3.55E-03
3.55E-03
3.55E-03
3.55E-03
3.55E-03
3.55E-03
3.55E-03
3.55E-03
3.55E-03
3.55E-03
3.55E-03
3.55E-03
3.55E-03
3.55E-03
3.55E-03
3.55E-03
3.55E-03
3.55E-03
3.55E-03
3.55E-03
3.55E-03
3.55E-03
3.55E-03
3.55E-03
3.55E-03
3.55E-03
3.55E-03
3.55E-03
3.55E-03
3.55E-03
3.55E-03
3.55E-03
3.55E-03
3.55E-03
3.55E-03
3.55E-03
3.55E-03
3.55E-03
3.55E-03
3.55E-03
3.55E-03
3.55E-03
3.55E-03
3.55E-03
3.55E-03
3.55E-03
3.55E-03
3.55E-03
3.55E-03
6.60E-02
2.13E-01
2.27E-01
1.80E-01
2.31E-01
2.75E-01
5.83E-01
3.30E-01
3.15E-01
3.26E-01
3.85E-01
3.19E-01
5.57E-01
5.46E-01
5.94E-01
5.90E-01
6.31E-01
6.78E-01
1.13E+00
8.32E-01
7.63E-01
7.11E-01
7.44E-01
8.36E-01
