7.424648720072062336e-01
5.319722536546477309e-01
5.357993921701487139e-01
5.204908381081444491e-01
5.051822840461402953e-01
4.937008684996370689e-01
5.281451151391466370e-01
5.893793313871635853e-01
4.975280070151381073e-01
3.941952670966094585e-01
3.176524967865881899e-01
4.248123752206179327e-01
4.630837603756285947e-01
4.018495441276115909e-01
3.214796353020892283e-01
3.750595745191041552e-01
3.674052974881020228e-01
3.827138515501062876e-01
4.286395137361190266e-01
4.209852367051168942e-01
4.286395137361190266e-01
4.554294833446264623e-01
5.166636995926434661e-01
5.281451151391466370e-01
1.006537429576779497e+00
9.261675207512571895e-01
9.261675207512571895e-01
1.113697308010809239e+00
1.213202909413836794e+00
1.266782848630851666e+00
1.829372210409507815e+00
1.710730916428975013e+00
1.703076639397972825e+00
1.542336821746928210e+00
1.645669561665456859e+00
1.611225315025947458e+00
1.890606426657524874e+00
1.706903777913473919e+00
1.741348024552983542e+00
1.867643595564518533e+00
1.680113808304966483e+00
1.810236517832002567e+00
2.284801693754134444e+00
1.990112028060552429e+00
1.879125011111021815e+00
1.890606426657524874e+00
1.886779288142023780e+00
1.848507902987013285e+00
1.967149196967546088e+00
1.718385193459977200e+00
1.626533869087951611e+00
1.580608206901938928e+00
1.465794051436906997e+00
1.435176943312898246e+00
1.549991098777930398e+00
1.404559835188889938e+00
1.481102605498911373e+00
1.519373990653921869e+00
1.320362787847866537e+00
1.400732696673388844e+00
1.825545071894006943e+00
1.791100825254497320e+00
1.676286669789465389e+00
1.986284889545051335e+00
1.825545071894006943e+00
1.695422362366970859e+00
1.825545071894006943e+00
1.917396396266032310e+00
1.844680764471512191e+00
2.166160399773601419e+00
2.204431784928611915e+00
2.242703170083622410e+00
3.394671863249442367e+00
2.395788710703664837e+00
2.269493139692130068e+00
2.786156839284773312e+00
2.303937386331639470e+00
2.399615849219165931e+00
2.633071298664730886e+00
2.139370430165093762e+00
2.039864828762066207e+00
1.993939166576053523e+00
1.928877811812535592e+00
1.963322058452044994e+00
2.116407599072087642e+00
1.714558054944476106e+00
1.557645375808932586e+00
1.649496700180957953e+00
1.549991098777930398e+00
1.837026487440510003e+00
1.710730916428975013e+00
1.412214112219891904e+00
1.194067216836331546e+00
1.285918541208356913e+00
1.144314416134817547e+00
1.178758662774327171e+00
1.098388753948804863e+00
1.010364568092280591e+00
9.108589666892529246e-01
8.955504126272486598e-01
9.338217977822592664e-01
9.797474599682719498e-01
9.108589666892529246e-01
7.386377334917051396e-01
7.539462875537094044e-01
7.348105949762040456e-01
6.659221016971847984e-01
8.764147200497433010e-01
6.353049935731763798e-01
5.166636995926434661e-01
5.664165002941572435e-01
4.937008684996370689e-01
4.783923144376328040e-01
5.855521928716624913e-01
5.702436388096583375e-01
4.133309596741147618e-01
3.406153278795945316e-01
3.865409900656073261e-01
3.597510204570998904e-01
4.401209292826221975e-01
3.520967434260977025e-01
3.176524967865881899e-01
3.406153278795945316e-01
2.832082501470786218e-01
2.717268346005754509e-01
3.597510204570998904e-01
4.898737299841359749e-01
4.707380374066306716e-01
4.171580981896158558e-01
3.712324360036031168e-01
3.061710812400849635e-01
3.980224056121104970e-01
6.008607469336667561e-01
5.166636995926434661e-01
5.587622232631550556e-01
5.625893617786561496e-01
4.669108988911296332e-01
6.276507165421741918e-01
7.730819801312146522e-01
5.166636995926434661e-01
4.286395137361190266e-01
6.850577942746901572e-01
5.778979158406604144e-01
6.735763787281869863e-01
6.314778550576752858e-01
5.778979158406604144e-01
4.630837603756285947e-01
4.669108988911296332e-01
4.630837603756285947e-01
4.860465914686349365e-01
5.128365610771423722e-01
4.745651759221317656e-01
4.171580981896158558e-01
4.707380374066306716e-01
4.822194529531338980e-01
5.319722536546477309e-01
4.630837603756285947e-01
4.975280070151381073e-01
4.516023448291253684e-01
5.778979158406604144e-01
5.434536692011509018e-01
4.860465914686349365e-01
4.822194529531338980e-01
4.822194529531338980e-01
5.587622232631550556e-01
5.740707773251593204e-01
6.046878854491678501e-01
6.161693009956710210e-01
1.067771645824796334e+00
1.071598784340297428e+00
1.144314416134817547e+00
1.201721493867333512e+00
1.259128571599849478e+00
1.484929744014412467e+00
2.066654798370573864e+00
1.905914980719529028e+00
1.829372210409507815e+00
1.791100825254497320e+00
1.749002301583985508e+00
1.967149196967546088e+00
2.254184585630125692e+00
2.120234737587588736e+00
2.066654798370573864e+00
2.273320278207631162e+00
2.009247720638057899e+00
2.032210551731064019e+00
2.855045332563792559e+00
2.568009943901212733e+00
2.238876031568121316e+00
1.997766305091554617e+00
2.173814676804603607e+00
1.925050673297034498e+00
2.124061876103089830e+00
1.825545071894006943e+00
1.718385193459977200e+00
1.741348024552983542e+00
1.672459531273964295e+00
1.733693747521981354e+00
2.059000521339571677e+00
1.928877811812535592e+00
1.779619409707994038e+00
1.768137994161490978e+00
1.932704950328036464e+00
1.737520886037482448e+00
2.039864828762066207e+00
2.013074859153558993e+00
1.898260703688527062e+00
2.988995180606329960e+00
2.307764524847140564e+00
2.097271906494582172e+00
2.560355666870210545e+00
2.434060095858675776e+00
2.158506122742599231e+00
2.659861268273238100e+00
2.659861268273238100e+00
2.487640035075690648e+00
3.643435866757011699e+00
3.015785150214837618e+00
2.560355666870210545e+00
3.272203430753408693e+00
2.590972774994219296e+00
2.966032349513323840e+00
2.870353886625796491e+00
2.709614068974751877e+00
2.296283109300637282e+00
2.479985758044688460e+00
2.357517325548654341e+00
2.135543291649592668e+00
2.560355666870210545e+00
2.104926183525584360e+00
2.028383413215562925e+00
1.787273686738996226e+00
1.718385193459977200e+00
1.829372210409507815e+00
1.814063656347503661e+00
1.794927963769998414e+00
1.465794051436906997e+00
1.576781068386437834e+00
1.247647156053346418e+00
1.251474294568847290e+00
1.247647156053346418e+00
1.305054233785862161e+00
1.129005862072813393e+00
1.220857186444838982e+00
1.060117368793794368e+00
1.056290230278293274e+00
1.052463091762792180e+00
1.029500260669785838e+00
9.070318281737518307e-01
9.146861052047539076e-01
8.036990882552231819e-01
1.079253061371299616e+00
9.299946592667581724e-01
8.228347808327284296e-01
5.625893617786561496e-01
7.233291794297008748e-01
6.123421624801699270e-01
7.462920105227072165e-01
5.511079462321529787e-01
5.128365610771423722e-01
3.750595745191041552e-01
3.559238819415987964e-01
4.018495441276115909e-01
5.740707773251593204e-01
4.056766826431126294e-01
2.411097264765669490e-01
3.214796353020892283e-01
2.908625271780807542e-01
2.372825879610658828e-01
3.941952670966094585e-01
3.865409900656073261e-01
3.099982197555860575e-01
3.520967434260977025e-01
4.018495441276115909e-01
4.133309596741147618e-01
3.712324360036031168e-01
6.888849327901912512e-01
6.697492402126858924e-01
5.472808077166518848e-01
5.166636995926434661e-01
4.745651759221317656e-01
6.353049935731763798e-01
6.199964395111721149e-01
5.855521928716624913e-01
5.090094225616412782e-01
6.812306557591890632e-01
5.625893617786561496e-01
5.625893617786561496e-01
5.702436388096583375e-01
5.511079462321529787e-01
4.860465914686349365e-01
4.630837603756285947e-01
3.903681285811084201e-01
3.291339123330913607e-01
4.171580981896158558e-01
3.788867130346051937e-01
3.559238819415987964e-01
4.516023448291253684e-01
4.018495441276115909e-01
3.023439427245839251e-01
3.674052974881020228e-01
3.903681285811084201e-01
4.783923144376328040e-01
4.401209292826221975e-01
3.788867130346051937e-01
3.176524967865881899e-01
5.051822840461402953e-01
3.520967434260977025e-01
4.554294833446264623e-01
5.778979158406604144e-01
5.281451151391466370e-01
6.620949631816838155e-01
9.567846288752656081e-01
9.453032133287624372e-01
9.453032133287624372e-01
1.217030047929337888e+00
1.205548632382834606e+00
1.592089622448441988e+00
2.131716153134091574e+00
2.062827659855072771e+00
1.951840642905541934e+00
1.844680764471512191e+00
1.660978115727461235e+00
1.890606426657524874e+00
2.062827659855072771e+00
2.127889014618590924e+00
1.863816457049017439e+00
2.116407599072087642e+00
1.921223534781533404e+00
1.955667781421043028e+00
2.361344464064155435e+00
2.307764524847140564e+00
1.821717933378505849e+00
2.059000521339571677e+00
2.028383413215562925e+00
1.791100825254497320e+00
2.089617629463579984e+00
1.940359227359038652e+00
1.710730916428975013e+00
2.051346244308569489e+00
1.603571037994945270e+00
1.817890794863004755e+00
1.986284889545051335e+00
1.802582240801000379e+00
1.664805254242962329e+00
1.852335041502514379e+00
1.714558054944476106e+00
1.791100825254497320e+00
2.032210551731064019e+00
2.311591663362641658e+00
2.395788710703664837e+00
3.693188667458525476e+00
2.878008163656799123e+00
2.529738558746202237e+00
2.740231177098760629e+00
2.445541511405178614e+00
2.273320278207631162e+00
2.824428224439783808e+00
2.824428224439783808e+00
2.832082501470785996e+00
3.907508424326584962e+00
3.731460052613535971e+00
3.218623491536393821e+00
3.674052974881020006e+00
3.046402258338845925e+00
3.318129092939421376e+00
3.122945028648867360e+00
2.805292531862278782e+00
2.449368649920679708e+00
2.610108467571724322e+00
2.499121450622193485e+00
2.181468953835605795e+00
2.633071298664730886e+00
2.208258923444113009e+00
2.039864828762066207e+00
2.326900217424646033e+00
1.974803473998548276e+00
1.955667781421043028e+00
2.124061876103089830e+00
1.821717933378505849e+00
1.607398176510446364e+00
1.484929744014412467e+00
1.507892575107418809e+00
1.507892575107418809e+00
3.253067738175903223e+00
2.185296092351106445e+00
1.944186365874539746e+00
1.710730916428975013e+00
1.461966912921405903e+00
1.691595223851469765e+00
1.764310855645989884e+00
1.274437125661853853e+00
1.113697308010809239e+00
1.213202909413836794e+00
9.950560140302762147e-01
1.098388753948804863e+00
1.951840642905541934e+00
1.270609987146352760e+00
9.912288755147752317e-01
9.835745984837730438e-01
9.261675207512571895e-01
9.261675207512571895e-01
1.079253061371299616e+00
6.238235780266732089e-01
5.970336084181657732e-01
6.850577942746901572e-01
5.357993921701487139e-01
6.812306557591890632e-01
5.396265306856498079e-01
4.822194529531338980e-01
5.855521928716624913e-01
4.401209292826221975e-01
4.018495441276115909e-01
5.396265306856498079e-01
4.324666522516200651e-01
4.477752063136243299e-01
4.822194529531338980e-01
4.209852367051168942e-01
3.482696049105966640e-01
5.090094225616412782e-01
6.927120713056922341e-01
6.046878854491678501e-01
5.319722536546477309e-01
5.090094225616412782e-01
5.166636995926434661e-01
6.927120713056922341e-01
6.735763787281869863e-01
6.238235780266732089e-01
5.932064699026646792e-01
9.338217977822592664e-01
6.659221016971847984e-01
8.534518889567369593e-01
5.702436388096583375e-01
5.166636995926434661e-01
5.664165002941572435e-01
5.970336084181657732e-01
4.783923144376328040e-01
5.051822840461402953e-01
4.401209292826221975e-01
4.516023448291253684e-01
4.477752063136243299e-01
4.707380374066306716e-01
3.559238819415987964e-01
4.362937907671211590e-01
4.630837603756285947e-01
4.248123752206179327e-01
4.822194529531338980e-01
4.248123752206179327e-01
5.051822840461402953e-01
4.286395137361190266e-01
4.822194529531338980e-01
4.745651759221317656e-01
4.937008684996370689e-01
6.735763787281869863e-01
6.544406861506816275e-01
6.927120713056922341e-01
1.132833000588314487e+00
1.010364568092280591e+00
1.148141554650318641e+00
1.247647156053346418e+00
1.285918541208356913e+00
1.373942727064881408e+00
2.116407599072087642e+00
1.680113808304966483e+00
1.859989318533516345e+00
1.974803473998548276e+00
1.741348024552983542e+00
2.024556274700061831e+00
2.399615849219165931e+00
2.028383413215562925e+00
1.944186365874539746e+00
2.066654798370573864e+00
2.066654798370573864e+00
2.085790490948078890e+00
2.633071298664730886e+00
2.483812896560189554e+00
2.407270126250168119e+00
2.499121450622193485e+00
2.254184585630125692e+00
2.315418801878142752e+00
2.277147416723132256e+00
1.990112028060552429e+00
1.879125011111021815e+00
2.288628832269635094e+00
2.085790490948078890e+00
1.993939166576053523e+00
2.537392835777204425e+00
1.875297872595520721e+00
2.116407599072087642e+00
2.127889014618590924e+00
2.434060095858675776e+00
2.131716153134091574e+00
2.319245940393643846e+00
2.261838862661127880e+00
2.208258923444113009e+00
6.196137256596220944e+00
4.267259444783684685e+00
3.570720234962491357e+00
3.853928485109570090e+00
2.923933825842811807e+00
2.736404038583259535e+00
3.398499001764943461e+00
3.643435866757011699e+00
3.099982197555860797e+00
4.416517846888226018e+00
3.348746201063429684e+00
3.122945028648867360e+00
5.193426965534941431e+00
4.137136735256648379e+00
3.896027008780081680e+00
3.842447069563066808e+00
3.375536170671937342e+00
2.774675423738270030e+00
2.602454190540722134e+00
2.483812896560189554e+00
2.506775727653195673e+00
3.080846504978355327e+00
2.368998741095157623e+00
2.346035910002151059e+00
2.468504342498185178e+00
2.081963352432577796e+00
2.089617629463579984e+00
2.242703170083622410e+00
1.917396396266032310e+00
1.879125011111021815e+00
1.779619409707994038e+00
1.504065436591917715e+00
1.553818237293431492e+00
1.634188146118953799e+00
1.373942727064881408e+00
1.393078419642386656e+00
1.259128571599849478e+00
1.148141554650318641e+00
1.389251281126885562e+00
1.431349804797397374e+00
1.140487277619316675e+00
1.040981676216288898e+00
9.261675207512571895e-01
9.606117673907667021e-01
9.567846288752656081e-01
9.032046896582507367e-01
6.659221016971847984e-01
5.893793313871635853e-01
5.204908381081444491e-01
5.778979158406604144e-01
7.309834564607029517e-01
7.960448112242209939e-01
5.778979158406604144e-01
4.401209292826221975e-01
5.128365610771423722e-01
4.171580981896158558e-01
5.396265306856498079e-01
5.013551455306392013e-01
3.559238819415987964e-01
3.865409900656073261e-01
3.291339123330913607e-01
3.061710812400849635e-01
4.725485683197330755e-01
4.187625524134220290e-01
3.957114027392886757e-01
2.996649457637332037e-01
4.149206941343998589e-01
3.918695444602665057e-01
4.187625524134220290e-01
6.454321908757331139e-01
4.648648517616886799e-01
4.494974186455997778e-01
4.955997179938664288e-01
4.648648517616886799e-01
6.300647577596441007e-01
7.107437816191107816e-01
6.185391829225774796e-01
5.532275921791998119e-01
7.030600650610664415e-01
5.685950252952886030e-01
6.531159074337774539e-01
5.417020173421330798e-01
4.917578597148442587e-01
4.571811352036442289e-01
4.610229934826664544e-01
5.071252928309331054e-01
4.149206941343998589e-01
5.032834345519108243e-01
4.379718438085331012e-01
4.648648517616886799e-01
4.187625524134220290e-01
4.533392769246220033e-01
3.803439696231998290e-01
3.803439696231998290e-01
3.841858279022220546e-01
3.803439696231998290e-01
4.917578597148442587e-01
4.571811352036442289e-01
4.840741431567997521e-01
4.955997179938664288e-01
4.379718438085331012e-01
4.571811352036442289e-01
5.340183007840886287e-01
4.802322848777775821e-01
6.108554663645331395e-01
1.125664475753510585e+00
1.041143593615021734e+00
9.527808531975107131e-01
1.041143593615021734e+00
1.233236507566132900e+00
1.263971373798310482e+00
1.909403564674043707e+00
1.940138430906221290e+00
1.701943217606843639e+00
1.755729233513154686e+00
1.728836225559999162e+00
1.671208351374666057e+00
2.205226652158754685e+00
1.851775690488710380e+00
1.744203658676088065e+00
1.759571091792176967e+00
1.786464099745332490e+00
1.967031438859377035e+00
2.389635849551821067e+00
2.401161424388887689e+00
1.978557013696443656e+00
1.890194273278932302e+00
1.917087281232088047e+00
2.155282494531465698e+00
2.093812762067110089e+00
1.824882682535554634e+00
1.717310650722932763e+00
1.870984981883821341e+00
1.694259501048799299e+00
1.932454714348176950e+00
2.036184887881776540e+00
1.832566399093598974e+00
1.778780383187287928e+00
1.717310650722932763e+00
1.694259501048799299e+00
1.728836225559999162e+00
2.232119660111909987e+00
2.105338336904176710e+00
2.378110274714754446e+00
5.716685119185064501e+00
3.695867664419376197e+00
2.985123882800265527e+00
3.111905206007998803e+00
2.808398401965242819e+00
2.762296102616976334e+00
3.338574844470309611e+00
3.134956355682132045e+00
3.565244482932620862e+00
4.206834815529331806e+00
3.380835285539554036e+00
3.173374938472353968e+00
5.443913181374486321e+00
4.057002342647464843e+00
3.676658373024264570e+00
3.599821207443820725e+00
3.311681836517154309e+00
2.762296102616976334e+00
2.773821677454042955e+00
2.574045046944887893e+00
2.777663535733065459e+00
2.942863441731021101e+00
2.405003282667909748e+00
2.101496478625154651e+00
1.943980289185243571e+00
1.859459407046754720e+00
2.170649927647554378e+00
2.209068510437776744e+00
1.774938524908265647e+00
1.525217736771821375e+00
1.494482870539643793e+00
1.290864381751466228e+00
1.217869074450043998e+00
1.260129515519288201e+00
1.106455184358399624e+00
9.988831525457773086e-01
1.110297042637421683e+00
9.758320028716439554e-01
1.190976066496888253e+00
1.156399341985688389e+00
8.106320968736885346e-01
7.530042226883552070e-01
7.299530730142218538e-01
7.414786478512885859e-01
8.682599710590218622e-01
7.952646637575996325e-01
7.030600650610664415e-01
6.607996239918219050e-01
5.685950252952886030e-01
7.145856398981330626e-01
1.329282964541688150e+00
5.493857339001775308e-01
2.458789298574221294e-01
2.420370715783998761e-01
2.113022053462221272e-01
2.497207881364443272e-01
3.342416702749331781e-01
2.727719378105776249e-01
2.420370715783998761e-01
2.689300795315553994e-01
2.497207881364443272e-01
2.842975126476443015e-01
4.533392769246220033e-01
1.190976066496888391e-01
1.920929139511110342e-02
3.841858279022220771e-03
0.000000000000000000e+00
7.683716558044441543e-03
0.000000000000000000e+00
3.841858279022220771e-03
3.841858279022220771e-03
7.683716558044441543e-03
1.536743311608888309e-02
0.000000000000000000e+00
7.683716558044441543e-03
3.841858279022220771e-03
7.683716558044441543e-03
0.000000000000000000e+00
1.152557483706666275e-02
7.683716558044441543e-03
1.152557483706666275e-02
3.841858279022220771e-03
7.683716558044441543e-03
7.683716558044441543e-03
0.000000000000000000e+00
0.000000000000000000e+00
0.000000000000000000e+00
3.841858279022220771e-03
3.841858279022220771e-03
1.152557483706666275e-02
3.841858279022220771e-03
7.683716558044441543e-03
1.536743311608888309e-02
7.683716558044441543e-03
7.683716558044441543e-03
3.841858279022220771e-03
7.683716558044441543e-03
0.000000000000000000e+00
1.152557483706666275e-02
1.152557483706666275e-02
1.152557483706666275e-02
3.841858279022220771e-03
0.000000000000000000e+00
7.683716558044441543e-03
0.000000000000000000e+00
7.683716558044441543e-03
3.841858279022220771e-03
0.000000000000000000e+00
7.683716558044441543e-03
3.841858279022220771e-03
7.683716558044441543e-03
1.152557483706666275e-02
7.683716558044441543e-03
3.841858279022220771e-03
3.841858279022220771e-03
1.152557483706666275e-02
3.841858279022220771e-03
1.152557483706666275e-02
0.000000000000000000e+00
1.536743311608888309e-02
1.536743311608888309e-02
7.683716558044441543e-03
3.841858279022220771e-03
3.841858279022220771e-03
0.000000000000000000e+00
1.536743311608888309e-02
3.841858279022220771e-03
1.536743311608888309e-02
3.841858279022220771e-03
1.152557483706666275e-02
7.683716558044441543e-03
7.683716558044441543e-03
3.841858279022220771e-03
0.000000000000000000e+00
7.683716558044441543e-03
0.000000000000000000e+00
3.841858279022220771e-03
0.000000000000000000e+00
1.536743311608888309e-02
3.841858279022220771e-03
1.152557483706666275e-02
7.683716558044441543e-03
0.000000000000000000e+00
7.683716558044441543e-03
7.683716558044441543e-03
3.841858279022220771e-03
3.841858279022220771e-03
3.841858279022220771e-03
1.536743311608888309e-02
7.683716558044441543e-03
3.841858279022220771e-03
3.841858279022220771e-03
3.841858279022220771e-03
3.841858279022220771e-03
7.683716558044441543e-03
7.683716558044441543e-03
1.152557483706666275e-02
3.841858279022220771e-03
1.152557483706666275e-02
3.841858279022220771e-03
7.683716558044441543e-03
1.152557483706666275e-02
0.000000000000000000e+00
1.152557483706666275e-02
7.683716558044441543e-03
3.841858279022220771e-03
0.000000000000000000e+00
3.841858279022220771e-03
3.841858279022220771e-03
3.841858279022220771e-03
3.841858279022220771e-03
3.841858279022220771e-03
7.683716558044441543e-03
1.152557483706666275e-02
7.683716558044441543e-03
0.000000000000000000e+00
0.000000000000000000e+00
3.841858279022220771e-03
1.920929139511110342e-02
0.000000000000000000e+00
1.536743311608888309e-02
7.683716558044441543e-03
3.841858279022220771e-03
7.683716558044441543e-03
0.000000000000000000e+00
7.683716558044441543e-03
0.000000000000000000e+00
1.536743311608888309e-02
7.683716558044441543e-03
3.841858279022220771e-03
0.000000000000000000e+00
1.152557483706666275e-02
3.841858279022220771e-03
7.683716558044441543e-03
7.683716558044441543e-03
1.920929139511110342e-02
3.841858279022220771e-03
7.683716558044441543e-03
7.683716558044441543e-03
1.152557483706666275e-02
0.000000000000000000e+00
1.152557483706666275e-02
3.841858279022220771e-03
7.683716558044441543e-03
1.152557483706666275e-02
3.841858279022220771e-03
7.683716558044441543e-03
0.000000000000000000e+00
1.152557483706666275e-02
3.841858279022220771e-03
0.000000000000000000e+00
0.000000000000000000e+00
7.683716558044441543e-03
3.841858279022220771e-03
7.683716558044441543e-03
0.000000000000000000e+00
0.000000000000000000e+00
3.841858279022220771e-03
0.000000000000000000e+00
0.000000000000000000e+00
7.683716558044441543e-03
1.536743311608888309e-02
7.683716558044441543e-03
3.841858279022220771e-03
0.000000000000000000e+00
3.841858279022220771e-03
3.841858279022220771e-03
0.000000000000000000e+00
1.152557483706666275e-02
0.000000000000000000e+00
7.683716558044441543e-03
0.000000000000000000e+00
3.841858279022220771e-03
3.841858279022220771e-03
3.841858279022220771e-03
3.841858279022220771e-03
3.841858279022220771e-03
0.000000000000000000e+00
3.841858279022220771e-03
1.536743311608888309e-02
3.841858279022220771e-03
1.152557483706666275e-02
7.683716558044441543e-03
3.841858279022220771e-03
0.000000000000000000e+00
3.841858279022220771e-03
7.683716558044441543e-03
3.841858279022220771e-03
7.683716558044441543e-03
0.000000000000000000e+00
3.841858279022220771e-03
0.000000000000000000e+00
0.000000000000000000e+00
7.683716558044441543e-03
0.000000000000000000e+00
7.683716558044441543e-03
3.841858279022220771e-03
3.841858279022220771e-03
3.841858279022220771e-03
0.000000000000000000e+00
0.000000000000000000e+00
1.152557483706666275e-02
0.000000000000000000e+00
7.683716558044441543e-03
0.000000000000000000e+00
7.683716558044441543e-03
0.000000000000000000e+00
0.000000000000000000e+00
3.841858279022220771e-03
0.000000000000000000e+00
0.000000000000000000e+00
0.000000000000000000e+00
0.000000000000000000e+00
7.683716558044441543e-03
0.000000000000000000e+00
0.000000000000000000e+00
0.000000000000000000e+00
3.841858279022220771e-03
7.683716558044441543e-03
3.841858279022220771e-03
1.152557483706666275e-02
0.000000000000000000e+00
7.683716558044441543e-03
0.000000000000000000e+00
0.000000000000000000e+00
7.683716558044441543e-03
3.841858279022220771e-03
0.000000000000000000e+00
3.841858279022220771e-03
3.841858279022220771e-03
7.683716558044441543e-03
0.000000000000000000e+00
1.152557483706666275e-02
1.536743311608888309e-02
0.000000000000000000e+00
3.841858279022220771e-03
7.683716558044441543e-03
7.683716558044441543e-03
1.152557483706666275e-02
3.841858279022220771e-03
3.841858279022220771e-03
3.841858279022220771e-03
3.841858279022220771e-03
0.000000000000000000e+00
1.536743311608888309e-02
0.000000000000000000e+00
0.000000000000000000e+00
0.000000000000000000e+00
0.000000000000000000e+00
0.000000000000000000e+00
0.000000000000000000e+00
0.000000000000000000e+00
0.000000000000000000e+00
0.000000000000000000e+00
3.841858279022220771e-03
7.683716558044441543e-03
7.683716558044441543e-03
3.841858279022220771e-03
0.000000000000000000e+00
7.683716558044441543e-03
3.841858279022220771e-03
0.000000000000000000e+00
0.000000000000000000e+00
1.152557483706666275e-02
0.000000000000000000e+00
3.841858279022220771e-03
0.000000000000000000e+00
3.841858279022220771e-03
3.841858279022220771e-03
3.841858279022220771e-03
7.683716558044441543e-03
0.000000000000000000e+00
7.683716558044441543e-03
7.683716558044441543e-03
7.683716558044441543e-03
3.841858279022220771e-03
0.000000000000000000e+00
0.000000000000000000e+00
3.841858279022220771e-03
1.920929139511110342e-02
1.844091973930666040e-01
1.844091973930666040e-01
1.997766305091554784e-01
2.535626464154665527e-01
3.073486623217776548e-01
4.648648517616886799e-01
3.303998119959109525e-01
2.612463629735110038e-01
3.765021113441776035e-01
3.150323788798220503e-01
2.881393709266665271e-01
3.841858279022220546e-01
5.071252928309331054e-01
4.955997179938664288e-01
6.262228994806219307e-01
4.687067100407109055e-01
6.070136080855107474e-01
9.335715618023995299e-01
7.414786478512885859e-01
5.916461749694219563e-01
6.223810412015997606e-01
5.839624584113775052e-01
8.067902385946663646e-01
8.266619193482295236e-01
6.046878854491678501e-01
5.970336084181657732e-01
7.003663483366944220e-01
5.396265306856498079e-01
7.501191490382083105e-01
