6.745349831803845175e-01
5.602070199294718611e-01
5.640179520378356681e-01
5.335304951709256560e-01
5.563960878211081651e-01
4.801774456538331348e-01
6.592912547469296225e-01
5.297195630625619600e-01
5.487742236043806621e-01
4.954211740872880854e-01
4.001478713781942420e-01
4.382571924618317571e-01
4.954211740872880854e-01
4.535009208952868187e-01
4.573118530036505702e-01
4.115806677032854966e-01
3.810932108363754844e-01
5.563960878211081651e-01
4.649337172203780733e-01
4.839883777621968308e-01
4.916102419789243338e-01
5.182867667374705389e-01
5.259086309541981530e-01
7.583754895643871619e-01
1.200443614134582671e+00
1.040384465583304996e+00
1.028951669258213908e+00
1.189010817809491583e+00
1.364313694794224263e+00
1.341448102144041643e+00
2.130311048575338706e+00
1.707297584546962232e+00
1.608213349729504582e+00
1.791138090930964877e+00
1.585347757079321740e+00
1.718730380872053320e+00
1.970251900024061253e+00
1.669188263463324384e+00
1.741595973522235719e+00
1.783516226714237263e+00
1.871167665206603603e+00
1.798759955147692047e+00
2.317046721885163141e+00
1.810192751472783579e+00
1.886411393640058609e+00
1.855923936773148597e+00
1.619646146054595670e+00
1.672999195571688302e+00
1.764461566172418561e+00
1.699675720330234618e+00
1.619646146054595670e+00
1.410044880094589281e+00
1.238552935218220297e+00
1.486263522261864312e+00
1.573914960754230652e+00
1.284284120518585315e+00
1.390990219552770579e+00
1.314771577385495327e+00
1.269040392085130309e+00
1.528183775453865634e+00
1.680621059788415916e+00
1.642511738704778290e+00
1.471019793828409306e+00
1.692053856113507004e+00
1.684431991896779612e+00
1.440532336961499293e+00
1.661566399246597214e+00
1.566293096537503038e+00
1.535805639670593026e+00
1.951197239482242329e+00
1.985495628457516037e+00
1.947386307373878633e+00
2.633354086879354572e+00
2.115067320141883922e+00
2.160798505442249162e+00
2.149365709117157852e+00
1.955008171590606025e+00
2.057903338516427816e+00
2.530458919953533226e+00
1.901655122073513393e+00
1.703486652438598314e+00
1.768272498280782035e+00
1.707297584546962232e+00
1.821625547797874667e+00
1.909276986290241007e+00
1.600591485512776968e+00
1.478641658045136920e+00
1.436721404853135375e+00
1.429099540636407983e+00
1.661566399246597214e+00
1.672999195571688302e+00
1.581536824970958266e+00
1.272851324193494005e+00
1.265229459976766613e+00
1.055628194016760224e+00
1.131846836184035254e+00
1.120414039858943722e+00
9.832204839578486677e-01
8.650815885985723153e-01
9.070018417905736374e-01
8.612706564902085082e-01
1.048006329800032610e+00
9.222455702240286435e-01
7.088333721556583367e-01
7.278880326974771497e-01
7.126443042640221437e-01
7.126443042640221437e-01
7.888629464312972850e-01
8.612706564902085082e-01
6.288037978800194994e-01
6.402365942051108094e-01
6.364256620967470024e-01
6.021272731214731833e-01
7.469426932392959628e-01
7.393208290225684598e-01
5.792616804712907852e-01
4.916102419789243338e-01
6.478584584218382014e-01
5.487742236043806621e-01
6.249928657716556923e-01
5.640179520378356681e-01
4.763665135454693278e-01
4.344462603534680611e-01
5.868835446880181772e-01
3.544166860778291683e-01
5.106649025207431469e-01
5.373414272792894630e-01
6.173710015549283003e-01
5.068539704123793399e-01
4.001478713781942420e-01
4.611227851120143217e-01
4.839883777621968308e-01
7.431317611309321558e-01
6.135600694465644933e-01
7.278880326974771497e-01
5.830726125796543702e-01
5.678288841461994751e-01
7.659973537811146649e-01
7.469426932392959628e-01
7.050224400472946407e-01
5.373414272792894630e-01
6.669131189636570145e-01
6.173710015549283003e-01
6.478584584218382014e-01
6.859677795054759386e-01
7.050224400472946407e-01
4.649337172203780733e-01
5.945054089047457913e-01
5.868835446880181772e-01
5.754507483629269782e-01
6.211819336632921074e-01
6.021272731214731833e-01
5.144758346291069540e-01
6.135600694465644933e-01
5.640179520378356681e-01
5.068539704123793399e-01
6.631021868552933185e-01
6.288037978800194994e-01
4.954211740872880854e-01
5.563960878211081651e-01
4.763665135454693278e-01
5.792616804712907852e-01
6.592912547469296225e-01
6.211819336632921074e-01
6.859677795054759386e-01
6.974005758305671376e-01
7.088333721556583367e-01
7.050224400472946407e-01
1.124224971967307640e+00
1.093737515100397628e+00
1.116603107750580026e+00
1.208065478351310285e+00
1.364313694794224263e+00
1.524372843345501938e+00
2.023604949541153442e+00
2.073147066949882156e+00
1.775894362497509649e+00
1.775894362497509649e+00
1.878789529423330995e+00
2.217962487067705268e+00
2.576190105253898466e+00
1.974062832132424949e+00
1.985495628457516037e+00
2.286559265018252685e+00
2.019794017432789968e+00
2.111256388033520448e+00
2.862010013381179441e+00
2.465673074111349283e+00
2.057903338516427816e+00
2.015983085324426050e+00
2.061714270624791290e+00
1.863545800989875989e+00
2.164609437550612636e+00
1.783516226714237263e+00
1.802570887256055965e+00
1.657755467138233296e+00
1.730163177197144631e+00
1.859734868881512293e+00
2.092201727491701302e+00
1.863545800989875989e+00
1.608213349729504582e+00
1.871167665206603603e+00
1.821625547797874667e+00
1.726352245088780935e+00
1.874978597314967299e+00
1.901655122073513393e+00
1.596780553404413272e+00
2.553324512603715402e+00
1.970251900024061253e+00
1.859734868881512293e+00
2.195096894417522648e+00
2.004550288999335184e+00
1.909276986290241007e+00
2.328479518210254451e+00
2.355156042968800545e+00
2.378021635618983165e+00
3.406973304877196629e+00
2.572379173145534548e+00
2.332290450318617481e+00
2.320857653993526615e+00
1.970251900024061253e+00
2.640975951096081964e+00
2.854388149164452049e+00
2.313235789776799223e+00
2.366588839293891855e+00
2.355156042968800545e+00
2.004550288999335184e+00
2.118878252250247840e+00
2.328479518210254451e+00
1.871167665206603603e+00
1.775894362497509649e+00
1.592969621296049354e+00
1.570104028645866956e+00
1.714919448763689402e+00
1.794949023039328351e+00
1.692053856113507004e+00
1.463397929611681691e+00
1.463397929611681691e+00
1.322393441602222719e+00
1.257607595760038999e+00
1.432910472744771679e+00
1.230931071001492683e+00
1.173767089376036354e+00
1.139468700400762646e+00
1.074682854558578926e+00
1.105170311425488938e+00
1.128035904075671336e+00
1.028951669258213908e+00
9.070018417905736374e-01
9.336783665491199535e-01
8.155394711898434901e-01
1.162334293050945266e+00
9.374892986574836495e-01
8.536487922734811162e-01
6.974005758305671376e-01
8.993799775738460234e-01
7.659973537811146649e-01
8.536487922734811162e-01
8.422159959483898062e-01
6.249928657716556923e-01
4.611227851120143217e-01
5.335304951709256560e-01
5.373414272792894630e-01
7.507536253476596588e-01
5.640179520378356681e-01
4.763665135454693278e-01
5.487742236043806621e-01
4.687446493287418248e-01
4.077697355949217450e-01
5.716398162545631711e-01
4.420681245701955087e-01
3.925260071614667390e-01
4.496899887869230117e-01
4.954211740872880854e-01
4.192025319200129996e-01
4.954211740872880854e-01
6.935896437222033306e-01
7.316989648058408457e-01
6.554803226385658155e-01
6.897787116138395236e-01
7.355098969142046528e-01
6.821568473971121316e-01
7.278880326974771497e-01
6.021272731214731833e-01
5.563960878211081651e-01
6.440475263134746164e-01
5.373414272792894630e-01
5.525851557127444691e-01
5.678288841461994751e-01
5.868835446880181772e-01
4.992321061956518924e-01
4.458790566785593157e-01
4.382571924618317571e-01
4.306353282451042541e-01
5.182867667374705389e-01
4.649337172203780733e-01
4.687446493287418248e-01
4.344462603534680611e-01
4.077697355949217450e-01
4.420681245701955087e-01
5.182867667374705389e-01
5.525851557127444691e-01
5.868835446880181772e-01
4.763665135454693278e-01
4.763665135454693278e-01
5.487742236043806621e-01
5.297195630625619600e-01
4.725555814371055763e-01
6.097491373382006863e-01
6.745349831803845175e-01
6.364256620967470024e-01
7.240771005891134537e-01
1.101359379317125020e+00
1.021329805041486294e+00
9.717876876327574687e-01
1.379557423227679047e+00
1.467208861720045610e+00
1.509129114912046710e+00
2.317046721885163141e+00
2.111256388033520448e+00
1.806381819364419661e+00
1.882600461531694691e+00
1.756839701955690947e+00
1.810192751472783579e+00
1.939764443157151241e+00
2.012172153216062576e+00
1.886411393640058609e+00
2.115067320141883922e+00
2.210340622850977876e+00
2.008361221107698658e+00
2.465673074111349283e+00
2.073147066949882156e+00
1.955008171590606025e+00
1.848302072556420983e+00
1.871167665206603603e+00
1.935953511048787323e+00
3.464137286502653179e+00
2.050281474299699980e+00
1.699675720330234618e+00
1.833058344122965977e+00
1.985495628457516037e+00
1.711108516655325928e+00
2.015983085324426050e+00
1.806381819364419661e+00
1.753028769847327029e+00
1.726352245088780935e+00
1.608213349729504582e+00
1.848302072556420983e+00
2.019794017432789968e+00
2.381832567727347083e+00
2.168420369658976554e+00
2.869631877597907277e+00
2.156987573333885244e+00
2.015983085324426050e+00
2.351345110860436627e+00
1.943575375265514937e+00
2.031226813757881278e+00
2.416130956702620569e+00
2.328479518210254451e+00
2.602866630012444116e+00
4.092941084382673012e+00
3.757579058846661990e+00
3.227859495784100030e+00
3.296456273734647890e+00
3.105909668316459982e+00
3.121153396749914766e+00
2.694329000613174596e+00
2.492349598869895377e+00
2.370399771402255329e+00
2.362777907185527937e+00
2.137932912792066098e+00
1.985495628457516037e+00
2.660030611637900666e+00
2.320857653993526615e+00
1.955008171590606025e+00
2.023604949541153442e+00
1.840680208339693591e+00
1.661566399246597214e+00
1.916898850506968621e+00
1.520561911237138020e+00
1.425288608528044287e+00
1.467208861720045610e+00
1.379557423227679047e+00
1.497696318586955622e+00
2.881064673922998587e+00
1.924520714723696013e+00
1.558671232320775646e+00
1.551049368104048254e+00
1.318582509493859245e+00
1.619646146054595670e+00
1.787327158822600959e+00
1.242363867326584215e+00
1.116603107750580026e+00
1.173767089376036354e+00
1.215687342568037899e+00
1.150901496725853956e+00
1.753028769847327029e+00
1.166145225159308740e+00
9.451111628742111526e-01
1.002275144499667592e+00
9.070018417905736374e-01
1.086115650883670236e+00
1.246174799434947689e+00
8.993799775738460234e-01
7.278880326974771497e-01
7.698082858894784719e-01
8.231613354065709931e-01
9.489220949825748486e-01
6.707240510720208215e-01
6.554803226385658155e-01
7.088333721556583367e-01
7.431317611309321558e-01
6.440475263134746164e-01
7.240771005891134537e-01
6.783459152887483246e-01
5.335304951709256560e-01
5.411523593876531590e-01
6.021272731214731833e-01
5.792616804712907852e-01
5.868835446880181772e-01
8.384050638400259992e-01
7.164552363723858397e-01
5.983163410131094873e-01
6.821568473971121316e-01
5.716398162545631711e-01
8.650815885985723153e-01
8.993799775738460234e-01
7.012115079389308336e-01
7.393208290225684598e-01
9.336783665491199535e-01
7.659973537811146649e-01
8.993799775738460234e-01
6.974005758305671376e-01
5.792616804712907852e-01
5.602070199294718611e-01
6.249928657716556923e-01
5.945054089047457913e-01
6.021272731214731833e-01
4.306353282451042541e-01
5.373414272792894630e-01
5.259086309541981530e-01
5.182867667374705389e-01
5.525851557127444691e-01
6.859677795054759386e-01
5.335304951709256560e-01
4.992321061956518924e-01
4.839883777621968308e-01
4.496899887869230117e-01
6.249928657716556923e-01
6.897787116138395236e-01
6.669131189636570145e-01
5.259086309541981530e-01
5.678288841461994751e-01
7.850520143229334780e-01
8.955690454654824384e-01
8.422159959483898062e-01
1.242363867326584215e+00
1.394801151661134275e+00
1.303338781060404017e+00
1.509129114912046710e+00
1.337637170035677947e+00
1.722541312980417016e+00
2.244639011826251362e+00
1.935953511048787323e+00
2.217962487067705268e+00
1.966440967915697335e+00
2.446618413569530581e+00
2.290370197126616603e+00
2.976337976632092541e+00
2.541891716278624092e+00
3.014447297715729945e+00
3.769011855171753300e+00
2.347534178752072709e+00
2.351345110860436627e+00
2.820089760189178563e+00
2.759114846455358094e+00
2.530458919953533226e+00
2.770547642780449404e+00
2.808656963864087253e+00
2.572379173145534548e+00
2.614299426337535870e+00
2.046470542191336506e+00
1.981684696349152341e+00
2.103634523816792612e+00
1.951197239482242329e+00
2.096012659600065220e+00
2.153176641225521326e+00
1.726352245088780935e+00
2.000739356890971266e+00
2.054092406408063898e+00
2.229395283392796134e+00
1.874978597314967299e+00
2.355156042968800545e+00
2.560946376820443238e+00
2.610488494229171952e+00
5.125703685749250837e+00
3.890961682639393793e+00
2.762925778563722012e+00
3.128775260966642602e+00
3.014447297715729945e+00
2.728627389588448526e+00
3.151640853616825222e+00
3.273590681084464826e+00
3.285023477409556580e+00
3.993856849565215139e+00
3.311700002168103119e+00
2.812467895972450727e+00
4.371139128293227039e+00
3.323132798493194429e+00
3.380296780118650091e+00
3.197372038917190018e+00
2.732438321696812000e+00
2.602866630012444116e+00
2.351345110860436627e+00
2.416130956702620569e+00
2.667652475854628058e+00
2.721005525371720690e+00
2.004550288999335184e+00
2.088390795383337384e+00
2.214151554959341794e+00
1.825436479906238363e+00
2.126500116466974788e+00
2.004550288999335184e+00
1.653944535029869600e+00
1.596780553404413272e+00
1.741595973522235719e+00
1.486263522261864312e+00
1.436721404853135375e+00
1.928331646832059709e+00
1.337637170035677947e+00
1.280473188410221619e+00
1.227120138893128987e+00
1.055628194016760224e+00
1.467208861720045610e+00
1.269040392085130309e+00
1.154712428834217652e+00
9.336783665491199535e-01
8.917581133571186314e-01
8.345941317316621921e-01
9.794095518494849717e-01
9.908423481745761707e-01
8.345941317316621921e-01
8.345941317316621921e-01
7.393208290225684598e-01
7.355098969142046528e-01
9.603548913076662696e-01
9.336783665491199535e-01
6.516693905302020084e-01
5.868835446880181772e-01
6.631021868552933185e-01
7.088333721556583367e-01
6.516693905302020084e-01
6.859677795054759386e-01
6.478584584218382014e-01
5.373414272792894630e-01
5.182867667374705389e-01
5.297195630625619600e-01
6.312222740257118492e-01
5.355825355369676632e-01
5.929663786302141748e-01
3.672565957967778294e-01
5.891407890906644740e-01
6.159199158675128238e-01
5.394081250765173641e-01
7.918970346868021704e-01
6.197455054070626357e-01
5.585360727742663123e-01
5.623616623138160131e-01
4.667219238250718272e-01
7.039084752771576081e-01
7.536411392913044960e-01
6.388734531048114729e-01
6.120943263279631230e-01
6.694781694212096346e-01
6.235710949466123365e-01
6.694781694212096346e-01
5.432337146160671759e-01
4.131636702713750720e-01
5.126289982996690142e-01
4.667219238250718272e-01
5.891407890906644740e-01
5.049778192205695015e-01
4.552451552064225027e-01
4.973266401414699889e-01
4.705475133646215835e-01
4.781986924437211517e-01
4.246404388900243410e-01
6.197455054070626357e-01
4.896754610623704762e-01
5.164545878392188261e-01
8.531064673195984938e-01
5.126289982996690142e-01
7.345131915935556588e-01
5.394081250765173641e-01
5.394081250765173641e-01
4.628963342855220708e-01
5.088034087601192024e-01
6.044431472488634993e-01
6.426990426443612847e-01
7.039084752771576081e-01
1.162979220023129923e+00
1.009955638441139003e+00
1.151502451404480709e+00
1.335130749302869235e+00
1.277746906209622946e+00
1.319828391144670210e+00
2.088771888594174175e+00
1.924271538393533820e+00
1.744468830034694662e+00
1.847759747602538472e+00
1.629701143848201639e+00
1.755945598653343875e+00
2.700866214922136965e+00
1.851585337142088283e+00
2.475156432088700509e+00
1.863062105760737497e+00
2.031388045500927220e+00
2.061992761817325714e+00
2.746773289396734263e+00
2.280051365571662103e+00
2.211190753859766822e+00
1.782724725430192558e+00
1.916620359314434419e+00
2.146155731687420243e+00
2.073469530435974928e+00
2.165283679385169080e+00
2.402470230837254750e+00
1.840108568523439070e+00
1.951050665170382059e+00
1.993132150105429767e+00
1.989306560565879956e+00
1.912794769774884607e+00
1.729166471876495637e+00
1.683259397401898338e+00
1.725340882336945825e+00
1.840108568523439070e+00
2.042864814119576433e+00
1.912794769774884607e+00
2.475156432088700509e+00
5.489720989253918937e+00
3.232623160919554817e+00
2.681738267224388128e+00
2.666435909066188881e+00
2.570796170577445139e+00
2.524889096102847397e+00
2.765901237094483101e+00
2.742947699857184229e+00
3.133157832891260597e+00
3.668740368428228926e+00
3.045169273481616035e+00
2.972483072230170720e+00
4.793463693055860730e+00
3.232623160919554817e+00
3.324437309868749413e+00
3.098727527035312956e+00
2.796505953410881151e+00
2.532540275181947020e+00
2.318307260967160222e+00
2.234144291097065249e+00
2.371865514520856699e+00
2.544017043800596234e+00
2.050515993198676057e+00
1.981655381486780332e+00
1.671782628783249125e+00
1.778899135890642746e+00
2.069643940896425338e+00
2.215016343399316412e+00
1.836282978983889258e+00
1.442247256410262857e+00
1.423119308712514020e+00
1.254793368972324297e+00
1.136200093246281462e+00
1.224188652655926246e+00
1.185932757260428350e+00
1.147676861864930675e+00
1.055862712915736301e+00
9.793509221247409524e-01
1.289223674828272159e+00
1.174455988641779136e+00
8.569320568591483056e-01
7.268620125144560351e-01
7.459899602122049833e-01
7.039084752771576081e-01
8.760600045568971428e-01
8.990135417941957918e-01
7.995482137659017940e-01
7.306876020540059580e-01
6.388734531048114729e-01
8.722344150173473309e-01
1.576142890294504717e+00
5.241057669183183387e-01
2.907448050057824807e-01
3.098727527035313178e-01
2.257097828334363732e-01
2.639656782289340753e-01
3.251751108617303987e-01
3.022215736244317497e-01
3.098727527035313178e-01
3.213495213221806424e-01
2.333609619125359136e-01
2.448377305311852381e-01
4.590707447459723145e-01
1.109420966469433084e-01
1.530235815819907738e-02
7.651179079099538691e-03
0.000000000000000000e+00
0.000000000000000000e+00
7.651179079099538691e-03
3.825589539549769345e-03
3.825589539549769345e-03
0.000000000000000000e+00
3.825589539549769345e-03
3.825589539549769345e-03
0.000000000000000000e+00
3.825589539549769345e-03
1.530235815819907738e-02
7.651179079099538691e-03
3.825589539549769345e-03
0.000000000000000000e+00
0.000000000000000000e+00
1.147676861864930717e-02
7.651179079099538691e-03
0.000000000000000000e+00
1.147676861864930717e-02
1.147676861864930717e-02
7.651179079099538691e-03
7.651179079099538691e-03
1.147676861864930717e-02
7.651179079099538691e-03
3.825589539549769345e-03
0.000000000000000000e+00
7.651179079099538691e-03
1.530235815819907738e-02
7.651179079099538691e-03
0.000000000000000000e+00
3.825589539549769345e-03
3.825589539549769345e-03
7.651179079099538691e-03
1.530235815819907738e-02
1.530235815819907738e-02
3.825589539549769345e-03
3.825589539549769345e-03
1.147676861864930717e-02
1.147676861864930717e-02
3.825589539549769345e-03
1.147676861864930717e-02
1.912794769774884759e-02
3.825589539549769345e-03
1.147676861864930717e-02
1.147676861864930717e-02
7.651179079099538691e-03
7.651179079099538691e-03
3.825589539549769345e-03
7.651179079099538691e-03
3.825589539549769345e-03
0.000000000000000000e+00
3.825589539549769345e-03
7.651179079099538691e-03
1.147676861864930717e-02
7.651179079099538691e-03
1.530235815819907738e-02
7.651179079099538691e-03
3.825589539549769345e-03
7.651179079099538691e-03
7.651179079099538691e-03
7.651179079099538691e-03
1.147676861864930717e-02
3.825589539549769345e-03
0.000000000000000000e+00
0.000000000000000000e+00
7.651179079099538691e-03
3.825589539549769345e-03
7.651179079099538691e-03
7.651179079099538691e-03
1.147676861864930717e-02
3.825589539549769345e-03
3.825589539549769345e-03
1.147676861864930717e-02
3.825589539549769345e-03
7.651179079099538691e-03
7.651179079099538691e-03
7.651179079099538691e-03
7.651179079099538691e-03
3.825589539549769345e-03
1.147676861864930717e-02
7.651179079099538691e-03
3.825589539549769345e-03
3.825589539549769345e-03
7.651179079099538691e-03
3.825589539549769345e-03
3.825589539549769345e-03
1.147676861864930717e-02
7.651179079099538691e-03
1.530235815819907738e-02
3.825589539549769345e-03
1.147676861864930717e-02
1.530235815819907738e-02
1.530235815819907738e-02
3.825589539549769345e-03
7.651179079099538691e-03
3.825589539549769345e-03
7.651179079099538691e-03
1.530235815819907738e-02
3.825589539549769345e-03
1.147676861864930717e-02
3.825589539549769345e-03
1.530235815819907738e-02
1.147676861864930717e-02
7.651179079099538691e-03
3.825589539549769345e-03
7.651179079099538691e-03
1.147676861864930717e-02
3.825589539549769345e-03
3.825589539549769345e-03
0.000000000000000000e+00
0.000000000000000000e+00
1.912794769774884759e-02
3.825589539549769345e-03
7.651179079099538691e-03
1.912794769774884759e-02
3.825589539549769345e-03
7.651179079099538691e-03
7.651179079099538691e-03
1.147676861864930717e-02
1.147676861864930717e-02
1.147676861864930717e-02
0.000000000000000000e+00
1.147676861864930717e-02
3.825589539549769345e-03
0.000000000000000000e+00
0.000000000000000000e+00
7.651179079099538691e-03
3.825589539549769345e-03
7.651179079099538691e-03
1.912794769774884759e-02
1.147676861864930717e-02
7.651179079099538691e-03
7.651179079099538691e-03
7.651179079099538691e-03
3.825589539549769345e-03
7.651179079099538691e-03
7.651179079099538691e-03
3.825589539549769345e-03
1.147676861864930717e-02
1.912794769774884759e-02
7.651179079099538691e-03
3.825589539549769345e-03
3.825589539549769345e-03
1.147676861864930717e-02
1.147676861864930717e-02
1.147676861864930717e-02
0.000000000000000000e+00
1.147676861864930717e-02
1.147676861864930717e-02
0.000000000000000000e+00
0.000000000000000000e+00
1.147676861864930717e-02
7.651179079099538691e-03
7.651179079099538691e-03
3.825589539549769345e-03
7.651179079099538691e-03
3.825589539549769345e-03
3.825589539549769345e-03
7.651179079099538691e-03
7.651179079099538691e-03
0.000000000000000000e+00
7.651179079099538691e-03
3.825589539549769345e-03
7.651179079099538691e-03
7.651179079099538691e-03
1.147676861864930717e-02
1.147676861864930717e-02
3.825589539549769345e-03
3.825589539549769345e-03
3.825589539549769345e-03
3.825589539549769345e-03
7.651179079099538691e-03
0.000000000000000000e+00
7.651179079099538691e-03
7.651179079099538691e-03
0.000000000000000000e+00
3.825589539549769345e-03
1.530235815819907738e-02
7.651179079099538691e-03
3.825589539549769345e-03
2.677912677684838455e-02
1.147676861864930717e-02
7.651179079099538691e-03
1.147676861864930717e-02
0.000000000000000000e+00
1.530235815819907738e-02
0.000000000000000000e+00
3.825589539549769345e-03
1.530235815819907738e-02
0.000000000000000000e+00
3.825589539549769345e-03
3.825589539549769345e-03
7.651179079099538691e-03
7.651179079099538691e-03
7.651179079099538691e-03
0.000000000000000000e+00
7.651179079099538691e-03
1.530235815819907738e-02
7.651179079099538691e-03
7.651179079099538691e-03
1.147676861864930717e-02
3.825589539549769345e-03
3.825589539549769345e-03
3.825589539549769345e-03
3.825589539549769345e-03
1.147676861864930717e-02
1.912794769774884759e-02
3.825589539549769345e-03
1.147676861864930717e-02
3.825589539549769345e-03
7.651179079099538691e-03
1.147676861864930717e-02
0.000000000000000000e+00
1.147676861864930717e-02
1.912794769774884759e-02
3.825589539549769345e-03
7.651179079099538691e-03
0.000000000000000000e+00
7.651179079099538691e-03
1.147676861864930717e-02
0.000000000000000000e+00
7.651179079099538691e-03
3.825589539549769345e-03
1.147676861864930717e-02
7.651179079099538691e-03
3.825589539549769345e-03
7.651179079099538691e-03
0.000000000000000000e+00
1.530235815819907738e-02
3.825589539549769345e-03
7.651179079099538691e-03
0.000000000000000000e+00
7.651179079099538691e-03
3.825589539549769345e-03
3.825589539549769345e-03
7.651179079099538691e-03
3.825589539549769345e-03
1.147676861864930717e-02
3.825589539549769345e-03
1.147676861864930717e-02
3.825589539549769345e-03
7.651179079099538691e-03
7.651179079099538691e-03
7.651179079099538691e-03
7.651179079099538691e-03
0.000000000000000000e+00
3.825589539549769345e-03
7.651179079099538691e-03
3.825589539549769345e-03
2.677912677684838455e-02
0.000000000000000000e+00
1.147676861864930717e-02
3.825589539549769345e-03
3.825589539549769345e-03
3.825589539549769345e-03
7.651179079099538691e-03
3.825589539549769345e-03
7.651179079099538691e-03
7.651179079099538691e-03
7.651179079099538691e-03
3.825589539549769345e-03
3.825589539549769345e-03
7.651179079099538691e-03
7.651179079099538691e-03
3.825589539549769345e-03
1.147676861864930717e-02
1.147676861864930717e-02
3.825589539549769345e-03
3.825589539549769345e-03
1.147676861864930717e-02
0.000000000000000000e+00
7.651179079099538691e-03
3.825589539549769345e-03
2.677912677684838455e-02
1.224188652655926191e-01
1.300700443446921595e-01
2.104074246752372923e-01
1.568491711215405371e-01
3.213495213221806424e-01
6.656525798816598227e-01
3.978613121131759911e-01
3.749077748758773421e-01
3.863845434945266666e-01
2.524889096102847508e-01
2.907448050057824807e-01
4.284660284295741528e-01
5.317569459974178514e-01
5.126289982996690142e-01
6.886061171189584718e-01
4.858498715228206644e-01
5.738384309324653376e-01
1.136200093246281462e+00
7.421643706726551715e-01
6.771293485003091472e-01
6.733037589607594464e-01
7.880714451472523585e-01
8.416296987009491692e-01
9.984642123913037848e-01
6.821568473971121316e-01
6.440475263134746164e-01
6.631021868552933185e-01
5.449632914960168550e-01
6.097491373382006863e-01
