1.356413789861450780e+00
1.232762809017727390e+00
1.026677840944854925e+00
1.124099825852030943e+00
9.779668484912670268e-01
9.892078467497874561e-01
1.064147835139922726e+00
8.880388624231044803e-01
7.831228786769149908e-01
9.255088566181721710e-01
6.782068949307253902e-01
6.332429018966442280e-01
6.332429018966442280e-01
6.032669065405900088e-01
5.620499129260154714e-01
6.182549042186170629e-01
6.145079047991103272e-01
7.531468833208607716e-01
6.707128960917119187e-01
6.744598955112186545e-01
5.770379106040426365e-01
6.894478931892457085e-01
7.643878815793812009e-01
6.632188972526982251e-01
1.266485803793288456e+00
1.135340824110551372e+00
1.097870829915483570e+00
1.206533813081180018e+00
1.210280812500686753e+00
1.363907788700464252e+00
1.895981706270425615e+00
1.671161741100019471e+00
1.588727753870870396e+00
1.629944747485445156e+00
1.442594776510106591e+00
1.663667742261005777e+00
1.929704701045986681e+00
1.719872733553607480e+00
1.513787765480735015e+00
1.641185745743965363e+00
1.521281764319748708e+00
1.697390737036566843e+00
2.015885687694642492e+00
1.851017713236344342e+00
1.618703749226924726e+00
1.727366732392620952e+00
1.719872733553607480e+00
1.802306720782756333e+00
1.813547719041276762e+00
1.525028763739255444e+00
1.540016761417282387e+00
1.611209750387911033e+00
1.416365780573559219e+00
1.288967800310328871e+00
1.427606778832079426e+00
1.367654788119971210e+00
1.322690795085889937e+00
1.367654788119971210e+00
1.367654788119971210e+00
1.337678792763916880e+00
1.588727753870870396e+00
1.555004759095309774e+00
1.457582774188133534e+00
1.742354730070648117e+00
1.450088775349120063e+00
1.360160789280957516e+00
1.629944747485445156e+00
1.746101729490154852e+00
1.498799767802708072e+00
2.094572675504284387e+00
1.989656691758094897e+00
1.933451700465493417e+00
2.480513615713481723e+00
1.806053720202263291e+00
1.813547719041276762e+00
2.045861683050696378e+00
1.832282716138810663e+00
1.895981706270425615e+00
1.944692698724013624e+00
1.708631735295087273e+00
1.581233755031857147e+00
1.633691746904951891e+00
1.487558769544187642e+00
1.476317771285667435e+00
1.757342727748675282e+00
1.363907788700464252e+00
1.285220800890822135e+00
1.240256807856740862e+00
1.180304817144632645e+00
1.397630783476025318e+00
1.457582774188133534e+00
1.307702797407862771e+00
1.094123830495976835e+00
1.165316819466605480e+00
1.034171839783868618e+00
9.779668484912670268e-01
1.090376831076470099e+00
1.011689843266827982e+00
8.805448635840910088e-01
9.217618571986654352e-01
9.105208589401451169e-01
9.892078467497874561e-01
9.330028554571857535e-01
7.606408821598743542e-01
8.355808705500097355e-01
7.681348809988878257e-01
8.130988740329690989e-01
7.231708879648066635e-01
7.419058850623404533e-01
6.332429018966442280e-01
5.657969123455223182e-01
5.245799187309477807e-01
5.433149158284816815e-01
7.006888914477660268e-01
6.857008937697389728e-01
4.946039233748937280e-01
5.020979222139072551e-01
5.545559140870019998e-01
5.133389204724274624e-01
6.107609053796035914e-01
5.470619152479884173e-01
4.159169355652514444e-01
4.571339291798259818e-01
4.571339291798259818e-01
4.046759373067311816e-01
5.020979222139072551e-01
5.770379106040426365e-01
4.946039233748937280e-01
4.683749274383462446e-01
5.508089146674951531e-01
6.632188972526982251e-01
8.280868717109962640e-01
1.214027811920193489e+00
9.779668484912670268e-01
9.554848519742263901e-01
8.580628670670503721e-01
7.756288798379014082e-01
1.139087823530058108e+00
1.292714799729835828e+00
1.109111828174004000e+00
9.667258502327467085e-01
1.157822820627592009e+00
1.049159837461895561e+00
1.139087823530058108e+00
1.086629831656963363e+00
9.255088566181721710e-01
9.330028554571857535e-01
8.880388624231044803e-01
8.468218688085300538e-01
8.992798606816247986e-01
9.030268601011316454e-01
8.318338711305028887e-01
7.306648868038201350e-01
9.367498548766924893e-01
8.056048751939555164e-01
8.093518746134623632e-01
7.681348809988878257e-01
7.344118862233269818e-01
6.669658966722050719e-01
9.592318513937331259e-01
9.367498548766924893e-01
8.955328612621180628e-01
8.767978641645842730e-01
8.505688682280367896e-01
8.318338711305028887e-01
9.330028554571857535e-01
8.430748693890232071e-01
8.917858618426113271e-01
1.214027811920193489e+00
1.202786813661673060e+00
1.247750806695754555e+00
1.270232803212795192e+00
1.258991804954274762e+00
1.333931793344410144e+00
1.880993708592398672e+00
1.907222704528946045e+00
1.776077724846208961e+00
1.633691746904951891e+00
1.828535716719303927e+00
1.832282716138810663e+00
2.094572675504284387e+00
1.903475705109439309e+00
1.824788717299796970e+00
2.015885687694642492e+00
1.929704701045986681e+00
1.746101729490154852e+00
2.544212605845097119e+00
2.304404642996663366e+00
2.008391688855629020e+00
1.922210702206972988e+00
1.858511712075358036e+00
1.757342727748675282e+00
1.948439698143520360e+00
1.794812721943742861e+00
1.719872733553607480e+00
1.895981706270425615e+00
1.659920742841499264e+00
1.633691746904951891e+00
2.068343679567737237e+00
1.757342727748675282e+00
1.584980754451363660e+00
1.573739756192843453e+00
1.641185745743965363e+00
1.408871781734545525e+00
1.761089727168182018e+00
1.701137736456073579e+00
1.701137736456073579e+00
2.769032571015503041e+00
1.824788717299796970e+00
1.708631735295087273e+00
2.180753662152940198e+00
2.000897690016615105e+00
1.794812721943742861e+00
2.203235658669980612e+00
2.147030667377379132e+00
2.300657643577156630e+00
3.158720510644207558e+00
2.345621636611237903e+00
2.263187649382089273e+00
2.679104584947340495e+00
2.105813673762804594e+00
2.289416645318636867e+00
2.259440649962582537e+00
2.090825676084777651e+00
1.742354730070648117e+00
1.794812721943742861e+00
1.757342727748675282e+00
1.794812721943742861e+00
2.308151642416170546e+00
1.791065722524236126e+00
1.836029715558317399e+00
1.637438746324458405e+00
1.487558769544187642e+00
1.566245757353829982e+00
1.667414741680512735e+00
1.573739756192843453e+00
1.240256807856740862e+00
1.258991804954274762e+00
1.191545815403153075e+00
1.127846825271537679e+00
1.378895786378491417e+00
1.330184793924903408e+00
1.120352826432524207e+00
1.049159837461895561e+00
1.000448845008307552e+00
9.817138479107737625e-01
1.045412838042388826e+00
1.037918839203375354e+00
1.139087823530058108e+00
9.367498548766924893e-01
8.618098664865571079e-01
1.086629831656963363e+00
8.580628670670503721e-01
8.655568659060639547e-01
6.444839001551644353e-01
5.920259082820696905e-01
6.594718978331916004e-01
7.606408821598743542e-01
6.707128960917119187e-01
5.995199071210831621e-01
5.732909111845357897e-01
5.283269181504546275e-01
4.908569239553868813e-01
5.882789088625628438e-01
6.294959024771373812e-01
3.522179454336363813e-01
3.784469413701837537e-01
4.421459315017988723e-01
3.709529425311702266e-01
5.920259082820696905e-01
6.182549042186170629e-01
6.032669065405900088e-01
5.583029135065088466e-01
5.358209169894680990e-01
5.732909111845357897e-01
7.231708879648066635e-01
1.116605827013017693e+00
9.404968542961993361e-01
8.730508647450774262e-01
8.955328612621180628e-01
9.067738595206383811e-01
1.052906836881402297e+00
1.206533813081180018e+00
1.112858827593510735e+00
9.892078467497874561e-01
1.191545815403153075e+00
1.045412838042388826e+00
1.064147835139922726e+00
1.000448845008307552e+00
9.779668484912670268e-01
8.955328612621180628e-01
8.655568659060639547e-01
7.943638769354351981e-01
6.894478931892457085e-01
7.943638769354351981e-01
6.257489030576305344e-01
6.931948926087524443e-01
7.681348809988878257e-01
7.793758792574081440e-01
6.519778989941780178e-01
7.231708879648066635e-01
7.531468833208607716e-01
6.707128960917119187e-01
7.756288798379014082e-01
7.306648868038201350e-01
8.168458734524759457e-01
7.831228786769149908e-01
8.093518746134623632e-01
7.044358908672727626e-01
8.468218688085300538e-01
8.543158676475436364e-01
9.404968542961993361e-01
1.326437794505396450e+00
1.097870829915483570e+00
1.217774811339700447e+00
1.277726802051808441e+00
1.097870829915483570e+00
1.273979802632301706e+00
1.944692698724013624e+00
1.701137736456073579e+00
1.671161741100019471e+00
1.629944747485445156e+00
1.614956749807417768e+00
1.652426744002485570e+00
2.087078676665270915e+00
1.907222704528946045e+00
1.562498757934323024e+00
2.102066674343297858e+00
1.798559721363249597e+00
1.933451700465493417e+00
2.195741659830967141e+00
1.854764712655851300e+00
1.761089727168182018e+00
1.854764712655851300e+00
1.836029715558317399e+00
1.633691746904951891e+00
1.798559721363249597e+00
1.731113731812127909e+00
1.397630783476025318e+00
1.727366732392620952e+00
1.693643737617060108e+00
1.581233755031857147e+00
1.772330725426702225e+00
1.581233755031857147e+00
1.629944747485445156e+00
1.588727753870870396e+00
1.584980754451363660e+00
1.517534764900241973e+00
1.828535716719303927e+00
2.120801671440831981e+00
1.914716703367959516e+00
3.117503517029632576e+00
2.158271665635899783e+00
1.967174695241054483e+00
2.177006662733433462e+00
1.892234706850918879e+00
2.042114683631189642e+00
2.547959605264603411e+00
2.218223656348007999e+00
2.435549622679400894e+00
3.042563528639497417e+00
2.866454555922679059e+00
2.424308624420880243e+00
2.885189553020213182e+00
2.443043621518414366e+00
2.266934648801596008e+00
2.296910644157649894e+00
2.060849680728723765e+00
1.742354730070648117e+00
2.034620684792176171e+00
2.015885687694642492e+00
1.776077724846208961e+00
2.132042669699352189e+00
1.851017713236344342e+00
1.693643737617060108e+00
1.907222704528946045e+00
1.656173743421992528e+00
1.753595728329168546e+00
1.866005710914371507e+00
1.390136784637011624e+00
1.326437794505396450e+00
1.221521810759207183e+00
1.326437794505396450e+00
1.288967800310328871e+00
3.154973511224700378e+00
1.851017713236344342e+00
1.854764712655851300e+00
1.495052768383201336e+00
1.378895786378491417e+00
1.573739756192843453e+00
2.098319674923791123e+00
1.401377782895532054e+00
1.214027811920193489e+00
1.337678792763916880e+00
1.116605827013017693e+00
1.176557817725125688e+00
2.364356633708772026e+00
1.378895786378491417e+00
1.034171839783868618e+00
9.929548461692939698e-01
9.479908531352128076e-01
1.056653836300909255e+00
1.172810818305618952e+00
9.292558560376790178e-01
7.081828902867796094e-01
6.744598955112186545e-01
8.355808705500097355e-01
7.643878815793812009e-01
8.093518746134623632e-01
5.358209169894680990e-01
5.508089146674951531e-01
6.482308995746712821e-01
6.257489030576305344e-01
7.044358908672727626e-01
7.419058850623404533e-01
6.557248984136847536e-01
6.032669065405900088e-01
6.931948926087524443e-01
7.194238885452998167e-01
8.693038653255705794e-01
1.300208798568849078e+00
1.015436842686334717e+00
9.629788508132398617e-01
9.817138479107737625e-01
8.693038653255705794e-01
1.360160789280957516e+00
1.626197748065938198e+00
1.199039814242166324e+00
1.210280812500686753e+00
1.502546767222214807e+00
1.079135832817949892e+00
1.303955797988356036e+00
1.258991804954274762e+00
1.202786813661673060e+00
9.779668484912670268e-01
9.967018455888008166e-01
8.992798606816247986e-01
8.655568659060639547e-01
8.543158676475436364e-01
8.093518746134623632e-01
7.044358908672727626e-01
8.018578757744488916e-01
8.056048751939555164e-01
8.730508647450774262e-01
8.618098664865571079e-01
7.194238885452998167e-01
7.718818804183946725e-01
8.468218688085300538e-01
8.168458734524759457e-01
9.255088566181721710e-01
9.667258502327467085e-01
9.367498548766924893e-01
8.992798606816247986e-01
9.967018455888008166e-01
9.330028554571857535e-01
1.116605827013017693e+00
1.446341775929613327e+00
1.229015809598220654e+00
1.281473801471315399e+00
1.337678792763916880e+00
1.285220800890822135e+00
1.502546767222214807e+00
2.132042669699352189e+00
1.910969703948452780e+00
1.824788717299796970e+00
1.963427695821547525e+00
1.727366732392620952e+00
1.723619732973114216e+00
2.128295670279845453e+00
1.914716703367959516e+00
1.907222704528946045e+00
1.869752710333878243e+00
1.888487707431412144e+00
2.012138688275135756e+00
2.450537620357427393e+00
2.184500661572447378e+00
2.173259663313926726e+00
2.218223656348007999e+00
1.955933696982534054e+00
2.034620684792176171e+00
1.993403691177601633e+00
1.892234706850918879e+00
1.719872733553607480e+00
2.064596680148230501e+00
2.083331677245764624e+00
1.854764712655851300e+00
2.304404642996663366e+00
1.955933696982534054e+00
1.723619732973114216e+00
1.866005710914371507e+00
2.315645641255184017e+00
1.824788717299796970e+00
1.955933696982534054e+00
1.963427695821547525e+00
2.049608682470203114e+00
5.253293186148491500e+00
3.271130493229410074e+00
2.675357585527833759e+00
2.855213557664158852e+00
2.491754613972002375e+00
2.248199651704061885e+00
3.027575530961470029e+00
3.203684503678288387e+00
2.454284619776934129e+00
3.657071433438607855e+00
2.690345583205861146e+00
2.484260615132988903e+00
4.425206314437495791e+00
3.256142495551383576e+00
3.188696506000261444e+00
2.967623540249361813e+00
2.476766616293974987e+00
2.255693650543075357e+00
2.263187649382089273e+00
2.057102681309216585e+00
2.015885687694642492e+00
2.577935600620657741e+00
1.955933696982534054e+00
2.034620684792176171e+00
1.892234706850918879e+00
1.682402739358539900e+00
1.719872733553607480e+00
1.974668694080067954e+00
1.806053720202263291e+00
1.738607730651141159e+00
1.510040766061228279e+00
1.390136784637011624e+00
1.322690795085889937e+00
1.555004759095309774e+00
1.258991804954274762e+00
1.348919791022437309e+00
1.311449796827369507e+00
1.296461799149342564e+00
1.244003807276247819e+00
1.375148786958984681e+00
1.356413789861450780e+00
9.404968542961993361e-01
1.030424840364361883e+00
1.037918839203375354e+00
9.330028554571857535e-01
1.041665838622882312e+00
6.632188972526982251e-01
6.707128960917119187e-01
6.294959024771373812e-01
5.995199071210831621e-01
8.168458734524759457e-01
7.868698780964217265e-01
5.957729077015765373e-01
5.882789088625628438e-01
5.732909111845357897e-01
5.770379106040426365e-01
6.407369007356576995e-01
6.969418920282592911e-01
5.245799187309477807e-01
4.833629251163733542e-01
5.320739175699613632e-01
5.208329193114411559e-01
6.055871638734384721e-01
7.033838487225650971e-01
5.491659995374037484e-01
4.400850818210701454e-01
6.657697391652087626e-01
7.786120678372778769e-01
6.845767939438868188e-01
1.237504204437026356e+00
9.930124923142095161e-01
9.365913279781750145e-01
9.253070951109679809e-01
1.030626601871565962e+00
1.380437820754980782e+00
1.613645300010590367e+00
1.260072670171440201e+00
1.158514574366577898e+00
1.177321629145255955e+00
1.045672245694508451e+00
1.184844451056727310e+00
1.098331999074807497e+00
1.015580958048623472e+00
1.011819547092887905e+00
9.967739032699451940e-01
8.952158074650828912e-01
8.387946431290481675e-01
9.365913279781750145e-01
7.372365473241858647e-01
8.087033554831630777e-01
8.463174650405195232e-01
8.162261773946344334e-01
8.312718212175769228e-01
7.635664240143353876e-01
7.748506568815423101e-01
7.748506568815423101e-01
8.876929855536115355e-01
9.441141498896462592e-01
8.914543965093472133e-01
1.011819547092887905e+00
7.673278349700710654e-01
9.478755608453818260e-01
9.065000403322898137e-01
8.726473417306690461e-01
8.801701636421402908e-01
1.515848615161463853e+00
1.399244875533659060e+00
1.297686779728796536e+00
1.346585122153360015e+00
1.436858985091015395e+00
1.436858985091015395e+00
1.925842409336649075e+00
1.903273943602235008e+00
1.820522902576050983e+00
1.876944066912085596e+00
1.718964806771188458e+00
1.696396341036774835e+00
2.057491792787396356e+00
1.828045724487522117e+00
1.670066464346625201e+00
1.726487628682659814e+00
1.767863149195751937e+00
1.805477258753108494e+00
2.159049888592258881e+00
2.046207559920189656e+00
1.978502162716947677e+00
1.888228299779292518e+00
1.828045724487522117e+00
1.899512532646499441e+00
1.899512532646499441e+00
1.764101738240016370e+00
1.782908793018694427e+00
1.670066464346625201e+00
1.602361067143383666e+00
1.579792601408969821e+00
1.940888053159591564e+00
1.730249039638395381e+00
1.666305053390889412e+00
1.489518738471314219e+00
1.579792601408969821e+00
1.722726217726924247e+00
1.839329957354729039e+00
1.794193025885901349e+00
2.166572710503730015e+00
5.461568707728152283e+00
3.355178572516192670e+00
2.764637052465697131e+00
2.681886011439512885e+00
2.610419203280535783e+00
2.192902587193879427e+00
2.700693066218191163e+00
2.678124600483777318e+00
2.869956559226294779e+00
3.592147462727538265e+00
2.813535394890260388e+00
2.708215888129662297e+00
4.968823872526782814e+00
3.283711764357216012e+00
3.155823791862204075e+00
3.046742874145870417e+00
2.655556134749363473e+00
2.166572710503730015e+00
2.177856943370937159e+00
2.271892217264328107e+00
2.241800929618442684e+00
2.693170244306720029e+00
2.083821669477545768e+00
1.858137012133407318e+00
1.839329957354729039e+00
1.730249039638395381e+00
1.828045724487522117e+00
1.850614190221935962e+00
1.636213765745004434e+00
1.433097574135279606e+00
1.211174327746876944e+00
1.245027026348497490e+00
1.087047766207600574e+00
1.147230341499370976e+00
1.030626601871565962e+00
9.704440265797957821e-01
1.087047766207600574e+00
9.027386293765542469e-01
1.038149423783037317e+00
1.098331999074807497e+00
8.651245198191976904e-01
7.823734787930136658e-01
7.823734787930136658e-01
8.162261773946344334e-01
9.328299170224393366e-01
7.297137254127146200e-01
6.996224377668295302e-01
6.319170405635879950e-01
7.259523144569789421e-01
7.109066706340363417e-01
9.666826156240601042e-01
6.243942186521165283e-01
2.896286435916444746e-01
2.444917121228167567e-01
2.031161916097246889e-01
2.821058216801731744e-01
3.498112188834147651e-01
2.896286435916444746e-01
1.767863149195751937e-01
1.391722053622187483e-01
1.767863149195751937e-01
2.407303011670811344e-01
3.648568627063573100e-01
1.278879724950118535e-01
1.128423286720692774e-02
0.000000000000000000e+00
3.761410955735642724e-03
0.000000000000000000e+00
7.522821911471285448e-03
0.000000000000000000e+00
0.000000000000000000e+00
0.000000000000000000e+00
0.000000000000000000e+00
0.000000000000000000e+00
3.761410955735642724e-03
0.000000000000000000e+00
0.000000000000000000e+00
0.000000000000000000e+00
3.761410955735642724e-03
3.761410955735642724e-03
0.000000000000000000e+00
0.000000000000000000e+00
0.000000000000000000e+00
0.000000000000000000e+00
0.000000000000000000e+00
3.761410955735642724e-03
3.761410955735642724e-03
3.761410955735642724e-03
1.128423286720692774e-02
3.761410955735642724e-03
3.761410955735642724e-03
3.761410955735642724e-03
3.761410955735642724e-03
3.761410955735642724e-03
7.522821911471285448e-03
0.000000000000000000e+00
3.761410955735642724e-03
0.000000000000000000e+00
7.522821911471285448e-03
7.522821911471285448e-03
7.522821911471285448e-03
0.000000000000000000e+00
3.761410955735642724e-03
3.761410955735642724e-03
1.504564382294257090e-02
0.000000000000000000e+00
3.761410955735642724e-03
7.522821911471285448e-03
0.000000000000000000e+00
0.000000000000000000e+00
1.880705477867821232e-02
0.000000000000000000e+00
3.761410955735642724e-03
3.761410955735642724e-03
7.522821911471285448e-03
0.000000000000000000e+00
3.761410955735642724e-03
0.000000000000000000e+00
7.522821911471285448e-03
0.000000000000000000e+00
0.000000000000000000e+00
0.000000000000000000e+00
0.000000000000000000e+00
7.522821911471285448e-03
0.000000000000000000e+00
7.522821911471285448e-03
3.761410955735642724e-03
3.761410955735642724e-03
1.128423286720692774e-02
7.522821911471285448e-03
3.761410955735642724e-03
0.000000000000000000e+00
0.000000000000000000e+00
0.000000000000000000e+00
7.522821911471285448e-03
0.000000000000000000e+00
0.000000000000000000e+00
0.000000000000000000e+00
3.761410955735642724e-03
0.000000000000000000e+00
3.761410955735642724e-03
0.000000000000000000e+00
7.522821911471285448e-03
0.000000000000000000e+00
0.000000000000000000e+00
3.761410955735642724e-03
0.000000000000000000e+00
3.761410955735642724e-03
1.128423286720692774e-02
0.000000000000000000e+00
7.522821911471285448e-03
3.761410955735642724e-03
0.000000000000000000e+00
0.000000000000000000e+00
3.761410955735642724e-03
1.128423286720692774e-02
1.128423286720692774e-02
7.522821911471285448e-03
0.000000000000000000e+00
0.000000000000000000e+00
3.761410955735642724e-03
0.000000000000000000e+00
3.761410955735642724e-03
0.000000000000000000e+00
3.761410955735642724e-03
7.522821911471285448e-03
1.128423286720692774e-02
0.000000000000000000e+00
7.522821911471285448e-03
3.761410955735642724e-03
0.000000000000000000e+00
0.000000000000000000e+00
0.000000000000000000e+00
0.000000000000000000e+00
7.522821911471285448e-03
0.000000000000000000e+00
7.522821911471285448e-03
0.000000000000000000e+00
0.000000000000000000e+00
7.522821911471285448e-03
3.761410955735642724e-03
3.761410955735642724e-03
0.000000000000000000e+00
3.761410955735642724e-03
0.000000000000000000e+00
0.000000000000000000e+00
7.522821911471285448e-03
0.000000000000000000e+00
0.000000000000000000e+00
7.522821911471285448e-03
0.000000000000000000e+00
1.128423286720692774e-02
0.000000000000000000e+00
3.761410955735642724e-03
3.761410955735642724e-03
0.000000000000000000e+00
3.761410955735642724e-03
7.522821911471285448e-03
7.522821911471285448e-03
0.000000000000000000e+00
0.000000000000000000e+00
0.000000000000000000e+00
0.000000000000000000e+00
3.761410955735642724e-03
0.000000000000000000e+00
0.000000000000000000e+00
0.000000000000000000e+00
0.000000000000000000e+00
7.522821911471285448e-03
7.522821911471285448e-03
0.000000000000000000e+00
0.000000000000000000e+00
3.761410955735642724e-03
3.761410955735642724e-03
3.761410955735642724e-03
0.000000000000000000e+00
0.000000000000000000e+00
0.000000000000000000e+00
3.761410955735642724e-03
1.128423286720692774e-02
0.000000000000000000e+00
3.761410955735642724e-03
7.522821911471285448e-03
3.761410955735642724e-03
0.000000000000000000e+00
7.522821911471285448e-03
3.761410955735642724e-03
3.761410955735642724e-03
3.761410955735642724e-03
3.761410955735642724e-03
7.522821911471285448e-03
7.522821911471285448e-03
0.000000000000000000e+00
3.761410955735642724e-03
0.000000000000000000e+00
0.000000000000000000e+00
3.761410955735642724e-03
7.522821911471285448e-03
0.000000000000000000e+00
3.761410955735642724e-03
7.522821911471285448e-03
7.522821911471285448e-03
0.000000000000000000e+00
3.761410955735642724e-03
3.761410955735642724e-03
0.000000000000000000e+00
3.761410955735642724e-03
3.761410955735642724e-03
0.000000000000000000e+00
0.000000000000000000e+00
7.522821911471285448e-03
3.761410955735642724e-03
3.761410955735642724e-03
0.000000000000000000e+00
0.000000000000000000e+00
3.761410955735642724e-03
0.000000000000000000e+00
3.761410955735642724e-03
0.000000000000000000e+00
0.000000000000000000e+00
0.000000000000000000e+00
3.761410955735642724e-03
7.522821911471285448e-03
0.000000000000000000e+00
7.522821911471285448e-03
0.000000000000000000e+00
0.000000000000000000e+00
3.761410955735642724e-03
3.761410955735642724e-03
0.000000000000000000e+00
3.761410955735642724e-03
0.000000000000000000e+00
3.761410955735642724e-03
7.522821911471285448e-03
0.000000000000000000e+00
3.761410955735642724e-03
0.000000000000000000e+00
0.000000000000000000e+00
0.000000000000000000e+00
0.000000000000000000e+00
0.000000000000000000e+00
7.522821911471285448e-03
3.761410955735642724e-03
0.000000000000000000e+00
0.000000000000000000e+00
3.761410955735642724e-03
7.522821911471285448e-03
3.761410955735642724e-03
7.522821911471285448e-03
7.522821911471285448e-03
3.761410955735642724e-03
3.761410955735642724e-03
3.761410955735642724e-03
3.761410955735642724e-03
3.761410955735642724e-03
7.522821911471285448e-03
7.522821911471285448e-03
0.000000000000000000e+00
3.761410955735642724e-03
7.522821911471285448e-03
0.000000000000000000e+00
7.522821911471285448e-03
3.761410955735642724e-03
0.000000000000000000e+00
7.522821911471285448e-03
3.761410955735642724e-03
0.000000000000000000e+00
3.761410955735642724e-03
0.000000000000000000e+00
0.000000000000000000e+00
3.761410955735642724e-03
0.000000000000000000e+00
3.761410955735642724e-03
0.000000000000000000e+00
0.000000000000000000e+00
3.761410955735642724e-03
0.000000000000000000e+00
0.000000000000000000e+00
3.761410955735642724e-03
7.522821911471285448e-03
1.128423286720692774e-02
3.761410955735642724e-03
0.000000000000000000e+00
0.000000000000000000e+00
3.761410955735642724e-03
0.000000000000000000e+00
0.000000000000000000e+00
3.761410955735642724e-03
0.000000000000000000e+00
0.000000000000000000e+00
0.000000000000000000e+00
0.000000000000000000e+00
3.761410955735642724e-03
0.000000000000000000e+00
0.000000000000000000e+00
0.000000000000000000e+00
3.761410955735642724e-03
0.000000000000000000e+00
0.000000000000000000e+00
3.761410955735642464e-02
1.504564382294256986e-01
1.843091368310464662e-01
2.144004244769316114e-01
2.520145340342880291e-01
3.197199312375296198e-01
7.033838487225650971e-01
5.115518899800474140e-01
4.288008489538632229e-01
4.325622599095988452e-01
5.040290680685760583e-01
5.265975338029899033e-01
7.786120678372778769e-01
9.215456841552323031e-01
8.613631088634621236e-01
7.522821911471284650e-01
8.237489993061056781e-01
9.742054375355313489e-01
1.816761491620315416e+00
1.105854820986278853e+00
1.150991752455106543e+00
1.143468930543635409e+00
1.113377642897749986e+00
1.372914998843509427e+00
1.592474753290377354e+00
1.322690795085889937e+00
1.120352826432524207e+00
1.255244805534768027e+00
1.086629831656963363e+00
1.247750806695754555e+00
